0.0818685583176391	0.00399816280836325	0.00436922435683355	0.00585869829374446	0.0178729102172915
0.054451121454901	0.0059541883117091	0.00363471543556771	0.00654736404572429	0.0113646101917856
0.0570280446881001	0.0061114085295189	0.00473919345626441	0.00756008536203285	0.0137174893983091
0.0740550356563874	0.00674672098958049	0.00408234546904389	0.0058168940814616	0.0162235820332022
0.184076587785152	0.0170776773098052	0.0314962254315219	0.021434990991734	0.0858967357428838
0.0846719149819229	0.00257461203072294	0.00933451932714144	0.00929313717332771	0.0234995588345804
0.0766023742226106	0.00930517756925435	0.00380998536706514	0.0117198757449151	0.0179103942655513
0.891285095670147	0.0388539603224085	0.0427899632746727	0.0507093272449192	0.198636909672993
0.0544571032584426	0.0175122119257843	0.0101909104389274	0.0138043810642878	0.0106398377120048
0.0850222154646479	0.00338934846735817	0.00459962318875321	0.00290027563655429	0.0199585227633002
0.064831685398215	0.00271973462700892	0.00737908440093604	0.00357448180583032	0.0242281494406772
0.0643018265323796	0.00292740495451347	0.0115647307453711	0.00280060213804038	0.0204415044706519
0.0645273245747588	0.00398134036169141	0.00403889144385032	0.00427901177502195	0.0148004171310789
0.0558491901237462	0.00426029847881914	0.00363173138008047	0.00660586021201485	0.00946379293859904
0.0896966511581122	0.0026552393472429	0.00727897143294811	0.00571144126198131	0.0254924022500095
0.0604473667750473	0.0145619385562021	0.0173674220472658	0.017166985391923	0.0142117524941387
0.0705521186834032	0.0040968135212741	0.00373085282796033	0.00469947911808332	0.0114787089623123
0.0605540310495026	0.00373558947463939	0.00478125469952878	0.00747655145168786	0.00968880272982158
0.0553551537287504	0.00279478959355304	0.00411522163951205	0.00257958513775384	0.0115794619970577
0.0734865414946371	0.0028091005709567	0.00770212482254042	0.00269321934036979	0.0191642966310308
0.083979496366623	0.0181522007650329	0.0167856789536806	0.0167332217791821	0.032521515560588
0.0677035041906678	0.00709631764664839	0.00516491218696756	0.00257658633628466	0.0145467177963148
0.0566242391970571	0.0127804348458484	0.00438176504968419	0.0116632721608063	0.0094547117284911
0.0546269478732704	0.00907376319420848	0.00443561618846908	0.00643732244090108	0.0131585808847572
0.129000171110392	0.00284307778989475	0.011018411669227	0.00405874057198192	0.0371469303700622
0.0783650321069024	0.00772870613074906	0.00407588524062069	0.0113157798747199	0.0119362695245178
0.0555376684790379	0.00863164147726524	0.0121359420072353	0.0189517657131855	0.0107965845251433
0.0576954593229294	0.0121365369113579	0.00385252622210364	0.014259727446225	0.0109756331386316
0.140768216939565	0.00511081040035397	0.0117082415027001	0.00984440223675247	0.0329080660280952
0.056557117876042	0.0102954070405356	0.00493099045292155	0.0106718896391841	0.0104090084456245
0.0791954786272408	0.00276576941984037	0.00690934204373227	0.00360126460043274	0.0243884434027617
0.0629572977004798	0.00291592243706477	0.0152371185946909	0.00271143147193258	0.0212565984185756
0.0699220252195133	0.0114135243124404	0.00808570583803132	0.0124606011049631	0.0179769444148773
0.0737868304454906	0.0084623509600233	0.00498922391618983	0.00723727482568445	0.0175464750034671
0.0606480426567075	0.0115721670896151	0.00396129729719406	0.0134877587662053	0.00979390343837389
0.0637253574139002	0.00594627533571789	0.00362335971734751	0.00905456082261349	0.00995760466448068
0.119628484596466	0.0147230296961606	0.0237211124750573	0.0227325381266647	0.0375712392737817
0.0840397572354008	0.00446633190308938	0.00822280109057368	0.00308898460170806	0.0292123335291042
0.0612075805128511	0.00329343808216179	0.00401400431443556	0.00537041252472031	0.0147086659810669
0.0898474435906702	0.00278930093577338	0.00796580257286569	0.00282212007268213	0.0279986924612033
0.0552214600008856	0.00330639916799415	0.00630962804204288	0.00534931041172491	0.013361367580996
0.101098795316833	0.00290950499102677	0.00976593117452293	0.00221915807803395	0.0333530769244994
0.133899842107355	0.0142842958216282	0.0169503154701511	0.0205616041993656	0.0424217523309014
0.076184653484526	0.0103068065354936	0.0141052278740685	0.0147269591861382	0.0244656240123843
0.0657072568338833	0.00921478176124484	0.00373979616473972	0.0101386345743921	0.0163470723623854
0.0798012658217658	0.0331860802653145	0.0122042745445954	0.0179037130673781	0.017686418621294
0.0650089409092378	0.0135798488833356	0.00361272732233914	0.011022014277212	0.0103405789630492
0.0803873616596249	0.00387800321585659	0.00847434223424441	0.00224185894257148	0.0236761196420843
0.363365791443721	0.0685556470671257	0.0323630341347973	0.0415804031925414	0.0624312450020568
0.0554954991399475	0.00789905592356648	0.00684939649984737	0.00670802368979806	0.0148444675811553
0.126468291796473	0.024017893603957	0.0234657743244621	0.0284843747327332	0.0454348140961469
0.054830012974075	0.00290158508605608	0.00738643352468871	0.00219565380247472	0.0144467714652103
0.057922741148362	0.00432256781783238	0.00373504176481015	0.00786934879862098	0.0106812818716848
0.0746974051253022	0.00547854927947733	0.00429387398239544	0.00933309693986028	0.0127347120455399
0.0900057666654937	0.0237062550775264	0.0186533143015046	0.0202958950158439	0.037789778763132
0.0775631142690252	0.00455101836642067	0.00573743171587398	0.0070716089337196	0.0180864993922263
0.10538983354892	0.00648755267699865	0.0107187274877428	0.00924148827528309	0.0325987997774686
0.0622004995677041	0.0152033019644777	0.0082618974351177	0.0128510566321795	0.0151116371982119
0.0548994199600835	0.00690409849367223	0.00436657053745536	0.00852980956184081	0.0164012473958177
0.0545469982348471	0.00535573476569951	0.00362171677246879	0.00965031097815711	0.00968090406076647
0.0698466727853796	0.0069344898228862	0.0102304111092062	0.0085762405415691	0.01670463280243
0.0684565766275201	0.00287852565096809	0.00507085396238711	0.00268843952084194	0.0179727393348546
0.0998141245363716	0.00593834642215535	0.00378214366825409	0.00488263737807898	0.0231325742842979
0.163191725933798	0.0046537167533815	0.0042275906829618	0.00898872313471624	0.0295760274219969
0.056843239165763	0.00456821267134013	0.00386552883363949	0.00559995643405344	0.00943448683745556
0.0931926188375307	0.0112975469203174	0.00619562733514777	0.0114395215704095	0.0298847159486462
0.105342333582674	0.00996725801909869	0.0198703810501101	0.0169603871602292	0.0386424098920026
0.0552803193515884	0.0082508274174151	0.00368818990260869	0.009859253143389	0.00986874242836222
0.0787305593001636	0.005627625378984	0.00361597793996795	0.00638326340698256	0.0169072476209414
0.101907399016782	0.0229765408440625	0.00890709856661682	0.0200904313680212	0.0164155585470963
0.159541167416931	0.0088325295441131	0.0183680791430347	0.0143344274612962	0.0468485134034372
0.0734308200414196	0.00259727495983898	0.00902420900140763	0.00376187576593265	0.0277360161045032
0.0586536350513101	0.0101002866330258	0.00417781377895536	0.0131523359931661	0.00990778600217745
0.0550247677947592	0.00890007618827554	0.0127644835663683	0.0156712044864725	0.0154695858159776
0.0907053247911978	0.00261375066744408	0.00639450433934396	0.00304055639689852	0.0210532171009482
0.0814765782809129	0.00257864037814915	0.0076199025765029	0.00261969088808923	0.0215400179126615
0.0911713391154015	0.00416848656890987	0.0143445439879567	0.00994428411203339	0.0317866858953162
0.092397726383434	0.00330983548393789	0.0109298066144556	0.00224229573429517	0.0261212148313781
0.101351875556113	0.00901641537322849	0.0130701283089616	0.0104219516362175	0.0280433609661531
0.0571873631613027	0.00358136611853448	0.00358959550851921	0.0076573072080112	0.00953275727209449
0.109257021028972	0.00259772792020221	0.011718318661405	0.00805272726920792	0.0311538590051362
0.0952704498101775	0.00636348736269786	0.00889013770683142	0.00970540852669331	0.0253695176290751
0.0584525447896176	0.00637625288180242	0.00451664689541556	0.00781713207657788	0.010830049617433
0.0927822223549053	0.00457265587510248	0.00739473597873065	0.0043534196572844	0.0239579668102417
0.0839551453283279	0.00985941051086082	0.00507896668557465	0.013117659634264	0.0121630002596484
0.18777982974246	0.0130305854563426	0.0157860486749742	0.0222344937638697	0.0485053221865975
0.127179919883367	0.013776882290717	0.0186616395184999	0.0179657730568766	0.0361935647475925
0.0601699088485036	0.00419198951427492	0.0036965257561973	0.0087793003882377	0.0159371125385214
0.0578848548073531	0.00278060223186758	0.0036431648076262	0.00379533933288953	0.00989774020455986
0.0550860103943779	0.00351047647209437	0.00726679679911709	0.00372497679673433	0.0113810190353966
0.0669760354409434	0.00870048067724886	0.0150448615350242	0.0134630783270859	0.0186959528290742
0.0748871477827137	0.0215479174279407	0.0108051569055443	0.0193400105896179	0.0265152240587963
0.106210287870059	0.00260682659293426	0.00820369469758774	0.00416197168475364	0.0273720548655226
0.0621709164657505	0.00665908262194838	0.00362758109782287	0.00859045186130187	0.0105671421293006
0.0583723153602702	0.00273152658008946	0.00471512371149297	0.00397120815771015	0.0110325207725051
0.107814583546536	0.00519123573271963	0.0151404471170134	0.0125741519443432	0.0313754989345864
0.0595792634928009	0.00729955118959304	0.00640797895088257	0.00615227091526593	0.0120782163840814
0.104377827070674	0.00363225985536448	0.00913708363750039	0.00457850343828876	0.0350887757861392
0.0712455309366158	0.00724596058569931	0.00427465197015446	0.00655628711994481	0.0133989281486123
0.0553893616876943	0.00525644332329062	0.00981176575036991	0.00891470701619141	0.0158844600082376
0.0545616884258587	0.00395921809286956	0.00408263794694507	0.00493817172327712	0.0120569845870563
0.117219776448838	0.00323218034340126	0.0200931542220824	0.00222291153761153	0.0401451035293224
0.0674899883856583	0.00316095464655997	0.00367642114750992	0.00326652984479851	0.0144201834241338
0.065893736320407	0.00395066559297427	0.00806863082566061	0.00524859597250646	0.0225796004169061
0.0833646936381657	0.00343853496165349	0.00777042360781363	0.00235483452433377	0.0227747031113094
0.0643283871768689	0.00450491832408419	0.00361560463000842	0.00666810408500453	0.0120809264228836
0.0639426017407928	0.00883387752123243	0.00426153861664116	0.0115694515119438	0.00948999635616683
0.0599900913544036	0.017158866491252	0.00617045990215208	0.0133495692370278	0.00941307733946692
0.121125729208988	0.00589909323649102	0.0115074061547545	0.00642103917598086	0.0321678333884821
0.081818241223538	0.00494869525615806	0.0134513874909664	0.00499772611657607	0.0282878614810837
0.0833329011194095	0.00634697736987361	0.0115249732446764	0.00238188606033818	0.0267261156184318
0.095831730681326	0.00763841664788548	0.0194428032434443	0.00889105710319673	0.040476600565383
0.194120345081538	0.0125906166931202	0.0208523467635656	0.0164092378725194	0.0540941896244828
0.0590691766214675	0.00666590086895919	0.00492350321835346	0.0116389709397351	0.0137382507505401
0.0725343178497755	0.00441541286243918	0.00362300327768176	0.00591957486594411	0.0100272017361131
0.0684682541149383	0.00461288316342066	0.00949845330319213	0.00364723437310842	0.0238818406910443
0.0874921855330805	0.00819619940460469	0.0150057161217319	0.00924185047213533	0.0307574733835781
0.0813274302068881	0.00307471187980975	0.009599204821912	0.00507306674136904	0.0276124305755602
0.0972310547182444	0.0183405181972422	0.0185933857562833	0.0122181527212383	0.0338647704128079
0.191121537627223	0.0351261869400525	0.0306674631732423	0.0359366479061258	0.0511819267566799
0.0888585586212847	0.00402269875036392	0.00455844909134199	0.00725363901280737	0.0222122516761915
0.0804074354161211	0.00373792001923677	0.00377487740768535	0.00246289633384502	0.018981535126307
0.0582322260234547	0.00306569161372961	0.00813684670331813	0.00552316676118176	0.0178579320131642
0.0973753172672153	0.00414973869616261	0.0141610896065183	0.00837994177651934	0.0301516454766746
0.0682315948563804	0.0042070873323967	0.00549284007846309	0.0046172233373939	0.0181869419788492
0.0867183850217604	0.00494869945193771	0.0039119767422255	0.00759902319138231	0.0136822175172759
0.0692313372729541	0.00434288394213088	0.00372465018686963	0.0085539555144144	0.0157970699563539
0.191318265127338	0.0220360324014875	0.00807751358141873	0.0172108826398901	0.0362164354166004
0.0609889927504188	0.00369582542231322	0.00484915119502505	0.00316974590854969	0.0131237764664752
0.0631745859981847	0.00453600925359258	0.00385529884732394	0.0060055417788595	0.0121075564399306
0.0837137806628967	0.00617203194399411	0.00720036045020758	0.00386834905377165	0.022000632462305
0.0917153875923166	0.00442010113366551	0.0071807732461751	0.00660980728747952	0.0219842235993249
0.0559326236531639	0.00552111585806349	0.0038973681923105	0.00939708375597612	0.00991855586638469
0.0742096066316724	0.00597329797495463	0.00376805210293179	0.00569741154632603	0.020065603196967
0.0567879462797684	0.00429899929751026	0.00447712240291694	0.0025736749083831	0.00995498424437483
0.0545917827780416	0.0128685648136824	0.00467408462910541	0.0158844194668581	0.00990676931484535
0.0545245657871979	0.0181112659536446	0.0118296218819454	0.0131010486049572	0.00974070495509815
0.0554396527709036	0.0219821211570097	0.00534488101375278	0.0166670275399351	0.0110603439580922
0.0563921730473574	0.00587917608860481	0.00425283366179383	0.00795541832554658	0.010521069994425
0.113526909857974	0.00289322773288255	0.0137834634720378	0.00411384197656796	0.0368693056058929
0.0587224039214255	0.0037824562615336	0.00364905810759389	0.00543491691078037	0.0154620131933907
0.0645042345014279	0.00518703029105687	0.00632764743915216	0.0029694562409842	0.0192211439819096
0.0640651077519544	0.00325968374190688	0.00678354211681181	0.00421276061136416	0.0187854589028466
0.106518352433013	0.00325633875182497	0.00859355449233172	0.00339995483876506	0.0301276021035394
0.0552247098288912	0.00863322840725241	0.00358996024513938	0.0138430313783456	0.0094503823975594
0.0983938479020022	0.00970999041807528	0.0210174346157699	0.0108365122209077	0.0310767500839091
0.0556391962873097	0.010388306900436	0.00634984771422195	0.0132342271057902	0.0102981683789262
0.0783142845188301	0.00314602075984679	0.00722755734867751	0.00262666350079472	0.0223623861651515
0.0945174875242858	0.00430183737203148	0.010106172310161	0.00371687903256763	0.0313134342551535
0.0963611829691411	0.00874980723314301	0.0162889380351873	0.00936351923432159	0.0332168840627921
0.0764688340041967	0.00952358166923118	0.00721430900133042	0.012476230040643	0.0148664445895098
0.0610956236674648	0.00473409692963976	0.00371582807027047	0.00752199856473553	0.0125459793174928
0.10335697050366	0.00366322326878382	0.0076046647036029	0.00310002356251302	0.0264150423289167
0.0854819462785475	0.00372018475246976	0.011130512087981	0.00223837965291328	0.0273940481596426
0.064146561329913	0.0083477303107456	0.00541591338427539	0.0106029886371847	0.0110808833891685
0.0831751738524054	0.00294758582192202	0.00619428629148846	0.00265341810629515	0.0189039206980888
0.0580221203657971	0.00735010622387254	0.0062451025531143	0.0117698066215414	0.00957845468639498
0.0858965973449381	0.0145489268210532	0.0110029529698533	0.0159913857885795	0.017848544437248
0.0898599290412621	0.00559737742005647	0.00991319231011277	0.00813445258362499	0.0268653451300579
0.107854953854538	0.00575856056999289	0.0109052422484302	0.00744379545911532	0.0349874470505307
0.135000496609461	0.00915026755992329	0.0166268101970609	0.0118239249864899	0.0424643624717308
0.0545079490960007	0.00816634247309371	0.00546056680427324	0.0116782637619124	0.00974612443002483
0.0558228951482625	0.00269939247302	0.00361512113783471	0.00529808871259592	0.0107718219232266
0.0559629538183746	0.00715999335130231	0.00728423881731427	0.0133126684781139	0.0102802518805244
0.0545225555604873	0.00477551379647234	0.00525594614068119	0.00672245189717682	0.00983839909368858
0.0545481128966826	0.0034063535402005	0.00442839402288986	0.00244311658118829	0.0103723665362111
0.0620545379316049	0.00677781846397094	0.00534067952033538	0.00427623454247193	0.0129275070130989
0.125523068932586	0.003880916930987	0.00374418850567566	0.00720532948807013	0.0106992611290723
0.0963189232148553	0.00490595737508704	0.0125860911700775	0.012024726268054	0.0222403295324531
0.0569046516994215	0.00900497959918658	0.00362820093888305	0.00925850435730768	0.0106070192219407
0.16341574206379	0.0147331464491268	0.00510300103475956	0.0152660090176873	0.0259219970410777
0.0815562187759182	0.00442914660230739	0.00361189448681625	0.00606414454211346	0.0130841532535323
0.0553488742021233	0.00293654585252098	0.00820238269572006	0.00219570386061887	0.0213323129197388
0.0562646842695295	0.0105226708040572	0.00636994622057651	0.0141004104570136	0.00941299761229667
0.128266205365707	0.0123256160468655	0.0144867293909209	0.0133174804575835	0.0395393245079332
0.0562891112453277	0.0028596509919078	0.00392786224803019	0.00221137060423149	0.00953024624062847
0.171914083216564	0.024706018041529	0.0238420298707679	0.0262363876613524	0.0519734876506163
0.0836925464071324	0.00299903863948358	0.0126459776096385	0.0021950561437306	0.0297587976231562
0.0553558641761763	0.00522381638825271	0.00387751615055877	0.00641476918093336	0.0104503603296709
0.0747965385786564	0.0066912200935005	0.00746999280135051	0.0100946761643754	0.01300636505858
0.0948003165870014	0.00413660914534037	0.00607478404616028	0.00516308883119065	0.0265787451346604
0.0958397110468359	0.0136374031285349	0.0105036636470699	0.0171664524159812	0.0189554184829463
0.101494485794492	0.00797586109271054	0.00397515432428771	0.00809249890005379	0.0177796355705231
0.0551821398352621	0.00500282001059244	0.00362956028574216	0.00915193685629074	0.01109423582832
0.0908706903111084	0.00273946328666592	0.00938662025614627	0.00220094702668367	0.0220948821604961
0.054750887825692	0.00670264656106107	0.00412924343823316	0.00939874009084165	0.00969371077060934
0.0579469721075492	0.0167310416156226	0.00460347785706931	0.0177289830417418	0.00973678912652507
0.0545720566818164	0.00903907814168204	0.00401652103434353	0.00982104943654427	0.0124029211180708
0.0803673793012699	0.00502847925557991	0.00365812132794791	0.0054333765292452	0.0111116160225937
0.104256810134254	0.00260371136397443	0.0072481676257586	0.00249353992432206	0.0255042312280365
0.0811696938617731	0.00294532220146402	0.00701835145266558	0.00291138240574086	0.0241782637616355
0.0596066740927502	0.0027905793818181	0.00389172863356505	0.0040098223261052	0.0166394536873817
0.10138137661649	0.0034104554384471	0.0044147052495184	0.00293255867653066	0.0279022469814454
0.0562035256637849	0.00693884947967148	0.00384045331764722	0.0123512190108844	0.0102947992904306
0.22607485565846	0.00633598941467857	0.0175623641938953	0.0107374419531627	0.0587712453159227
0.0651002291985802	0.00645335195910411	0.0127281476270346	0.00921022735492249	0.0236714591653421
0.11043121495932	0.00503473553974735	0.018234586341349	0.00463074408669776	0.0370280974444398
0.0797501349705118	0.00426775367159018	0.00969503676616378	0.00381534369125637	0.019165939837574
0.105516733622088	0.00462395487425633	0.00468388569930162	0.00786578498449246	0.0117439680093067
0.0825247438602966	0.00546538102448006	0.00584224721227665	0.00508083275962115	0.0273176409829923
0.0822861584731886	0.00567616511789526	0.010281777343832	0.00576169336263805	0.0219401816952347
0.0559775297783417	0.00768080640854929	0.00361782874204472	0.010041325281768	0.00941685160290185
0.154982620623863	0.00836932656603014	0.016057238677065	0.0143035719319873	0.04183313394097
0.0800741200935711	0.00639465894831314	0.00363148080284895	0.00853820286503157	0.0101597541081711
0.232724542871478	0.00987576480942554	0.0269404282919112	0.0226754703097428	0.0717701631651026
0.0631844898644794	0.0149905830325112	0.00950471279138521	0.0146129837798376	0.0203149597769091
0.0892979081620858	0.00259813582722205	0.00772957876571713	0.00280993733086162	0.0218551819175036
0.0832369292228208	0.00321861528320549	0.00933241983840739	0.00338203896470284	0.0271924781860466
0.071462660293784	0.00521087921753882	0.00906014262081513	0.00850091617403233	0.0250777286975702
0.121559316618139	0.00651830854434869	0.010824381614514	0.0111266823689927	0.0266541132210197
0.232195374148492	0.0398818285347833	0.0209141476132805	0.0314644358788098	0.0538400951327585
0.0663990307581207	0.00415014219190664	0.00878102334888916	0.00335883331117669	0.0157983924675386
0.123440273811746	0.00317756057995569	0.0082277250571758	0.00220467575932384	0.0324930978249688
0.098406537603271	0.00633528663999647	0.0117122986806546	0.0102978656496287	0.0257361003794343
0.0775245090775269	0.0066928166003807	0.00431786702249399	0.010818584817376	0.0149687643869122
0.0818195125332051	0.00281523702145845	0.00954262869944398	0.00306077061382979	0.0279730492531979
0.0886954036659802	0.00282138889719393	0.0105561877031861	0.00345778696098079	0.0230096059435157
0.0630877196988226	0.00610276163611857	0.00879462412663576	0.0118408544380417	0.0207950831666315
0.0771239562470203	0.00589023062873379	0.00504288524768663	0.0148465918656514	0.01707757732263
0.0824414896035895	0.00706273754053855	0.0082548531636565	0.00742374858295282	0.0260605907003581
0.121315909385663	0.0101938830153901	0.012425752504348	0.00680893589148368	0.0322218121424995
0.070491217488626	0.0111244604332358	0.00631490813991493	0.0102882102799106	0.0217850631289731
0.0554009058208414	0.00736743339294551	0.00428387218763588	0.0119377019549507	0.0101268700636478
0.0791016176730396	0.0080113731886987	0.00394922152169201	0.0109029003992883	0.0121498606589934
0.0582421948506459	0.00524846070892583	0.00393822982471867	0.00709308713324417	0.0100789964027649
0.0807319436940216	0.0079873821888522	0.00365845686447438	0.0086470977792834	0.0153174123266334
0.0586286725943254	0.00271673859318507	0.00736840395122549	0.003349661707949	0.0128022612007113
0.136000167705951	0.0137758636926008	0.0187023658122512	0.0213996862621972	0.0413594388777052
0.107649002214033	0.00376662248433735	0.0128439191055865	0.0029507938824733	0.0337322890257727
0.122758402738547	0.0133997895983579	0.0309591158832549	0.0326090896295138	0.0513777789280222
0.0925124837138011	0.00319516414302426	0.00363989251749915	0.00596619823477674	0.0213005802315705
0.0768163088106835	0.00563852203264339	0.00746807220035974	0.00506850657115056	0.0218635659555947
0.0702751550216578	0.0028729589278246	0.00363487604500069	0.00389337008646675	0.0111747098228346
0.0738259916074751	0.00636138010194647	0.00566651519571974	0.011669567655962	0.0150852754025768
0.113690438799275	0.00292997739314207	0.0159952258412811	0.00508634767144484	0.0314609630465003
0.0657749789938173	0.00517308271957644	0.00888769726684194	0.00255409214571842	0.0162822698496553
0.0763930631348425	0.00552080551029461	0.00642433771197394	0.0122029311825965	0.0215460454323209
0.0655112282202666	0.00772994474687848	0.00516881374197643	0.0103725816371171	0.0142953312229066
0.0949709520603784	0.00338188284521074	0.0127064340920691	0.00350909481249943	0.0281228906552224
0.099605320806806	0.00590856904295294	0.0166937647671885	0.00792919064666898	0.0363795832680183
0.070202516555466	0.00272427217301929	0.00555109227076193	0.0056086279253701	0.017071961154293
0.0544442548618529	0.0037839692074965	0.00482921646708762	0.00826509870276831	0.0100610474514218
0.0572531670921979	0.00863873066820523	0.0139513997241585	0.0135293951835974	0.00971825795053247
0.195759054838585	0.0134007851070955	0.0218417627057039	0.0104224233226313	0.0684316767994069
0.112114552926762	0.00707751713501074	0.0157205142136232	0.00954207919614273	0.0318790258551263
0.0996655236659433	0.00398873415972327	0.00807040431161864	0.0024167992798442	0.0325235432848815
0.129734190589661	0.00455340964924239	0.00971313550956107	0.00245775735351292	0.0367475784117474
0.0699711552943616	0.00267875788889205	0.00680754665231008	0.00341196706931136	0.0148503674022151
0.0726574193505332	0.00731867950780133	0.00711057351541471	0.0138926208216611	0.0120688724003816
0.0579760909870187	0.00540692743113856	0.00388092732064252	0.00856654751074245	0.00948353641260174
0.0562959139462679	0.00269495990039477	0.0119249052512311	0.00275127707286444	0.0151230097008246
0.0570922101097013	0.00783297400281528	0.00441425183266125	0.0081657592739638	0.00976070755354593
0.101937036707758	0.0133549308327506	0.00424410086300685	0.0144836276511705	0.0145424465221114
0.0546612300229811	0.00582469333928975	0.00474794960144112	0.00990954729067731	0.0102950891353509
0.0814860263569929	0.00516290382154711	0.00949692321680867	0.00353872174566187	0.0234185478438979
0.0618024129572341	0.00472942795494728	0.00536795072686966	0.00531163098672596	0.015362824681026
0.0689801445310394	0.00839350328818754	0.0114851805975574	0.0146449519165546	0.0177099476875454
0.0610937484542238	0.00649190085542299	0.00495124576194819	0.00856793295396061	0.0130726420709074
0.0701505555767521	0.00610606469981113	0.00578960258324052	0.0123601412577902	0.0130703241940078
0.0822467330409129	0.00336703761774248	0.0124321385530258	0.00444734192476969	0.02665850958717
0.125037254332838	0.00701573325402172	0.0217216273736305	0.0159906783331456	0.0500290383916711
0.159889596821241	0.0115041492533544	0.0105149634630541	0.0184851090869825	0.0319597459242233
0.0820608637591154	0.00418700044405786	0.00587675603401645	0.00354094011049673	0.0196405388627392
0.117792025259701	0.00320672782030015	0.00653732451168035	0.00280647805744897	0.0292318355853702
0.0608302802897465	0.00263034643836076	0.00433937192546181	0.00578658329923265	0.0158232733952872
0.0669593912526123	0.0029758311190296	0.00425068970875093	0.00534325325778916	0.00960312016165174
0.0668229574520611	0.00286850358041347	0.00817985398291097	0.00655613755606551	0.0179502101949607
0.0544492514715239	0.00436266093659663	0.00428464277063877	0.00687042719118905	0.0108570558112915
0.0659395314730937	0.00381715675975363	0.00790191469301208	0.00293863139770894	0.0211854608680388
0.0578401374419022	0.0139711025430692	0.0123679956121341	0.0159725524066932	0.0114913622534914
0.0795694796489377	0.0100433827632661	0.00416433683501408	0.0101306130112338	0.0183067662599465
0.0816602228296879	0.00494632598132262	0.0102629508890698	0.0024731641023244	0.0243030472561763
0.0632256628037268	0.0131349603004335	0.00409326423395154	0.0100091898220137	0.0107658176751113
0.134976668710884	0.0123635036120268	0.0219072188813504	0.0101359556112131	0.0406812513468792
0.0780916164553696	0.00548992829277614	0.00409367201412548	0.00620650534277833	0.016751578344159
0.0828623920211957	0.00927545692223812	0.00920461027750155	0.0150010202231468	0.0252818786686955
0.0866869313271462	0.00267381210883709	0.0067182603104068	0.00386582305031785	0.0252046496919162
0.0572652482771499	0.00284674731306628	0.00493635818673735	0.00257741308714026	0.0121585402786604
0.0912932242101472	0.00695058301384379	0.00550438550974439	0.00706511013895926	0.0236549501447698
0.0804703856920347	0.00661936435585144	0.00387351341672876	0.00859913631545769	0.0197814163678391
0.0683206467826824	0.00257486859711953	0.00495002987949169	0.00220450624757624	0.0173677140544741
0.0611018302539079	0.00478798943765326	0.00360929142496591	0.00670392079474454	0.0122213044319407
0.0639739180274529	0.00736493192602414	0.00463296743976931	0.0116622356536063	0.0153533606506524
0.111714058417076	0.0495385489808016	0.0274613438270397	0.0353213790056418	0.0392656053243268
0.059985355862671	0.00452283785907149	0.0053513254535065	0.00606948593666305	0.0177638405961502
0.061914392878058	0.00612344192369222	0.0036385169291938	0.0075752158317941	0.0144387849134341
0.110413693604262	0.0211968921288173	0.0110241682127651	0.0167793851638984	0.0237484392213843
0.0624512621616083	0.00521002407013588	0.00361541534515303	0.00574044232624932	0.00946221973492003
0.0556749750424496	0.00594069129852068	0.00360256197464323	0.00799531622188684	0.0100173840511193
0.0563380872235282	0.00257623920879628	0.00711839762649554	0.0023457526354527	0.0123855287611027
0.0549933647483725	0.00339612859191228	0.0063591655513808	0.00331356177853654	0.0132102863108822
0.0615782238523857	0.0145895818469002	0.00647857584265272	0.0131690938535568	0.0112496291244779
0.116074784537516	0.00662955345679881	0.0075128008316093	0.0115678568016638	0.0249181855861773
0.103380698059146	0.0210750542588456	0.00927717306852393	0.0165752797663733	0.0197913982087385
0.114452419592478	0.00501119627922494	0.00544846917047195	0.00309771557539326	0.0259113299674062
0.0994593126396318	0.00362704452919316	0.00802389823074932	0.00294971988197069	0.0281675720133791
0.0546963474576997	0.00621429285021444	0.00359073331288653	0.00769184081095187	0.0114310381521546
0.117310954932721	0.021485654643847	0.0149469992640714	0.0184015639181085	0.0345114454292362
0.0800543318354021	0.00964691739518901	0.00755687694160294	0.0136783662470496	0.0209648182952263
0.0720726240583591	0.00259099434822175	0.00577894686449095	0.00261890283070102	0.0193908160956691
0.115386899733895	0.00738696544696392	0.019090597997808	0.0117958578415133	0.038088657607039
0.132489134589859	0.0081669457877394	0.0174609184053715	0.00696199595018113	0.0453773087646589
0.0631680457271861	0.0142335896024892	0.00425061613387844	0.0097966359379683	0.00945600407098066
0.116184684820081	0.0193082142173893	0.0129144174473469	0.0194215927711929	0.0308841721107574
0.0592712407457349	0.0063370404925076	0.00374761972070993	0.00708443315616213	0.0116964782658791
0.0593360457337574	0.00750499508319277	0.00718819964702174	0.00276965829522953	0.0149859575384952
0.154658790616073	0.00970813399409032	0.0113174396273125	0.0112510526188047	0.0393060555276576
0.0722054389388165	0.00478482553477889	0.00533381197986288	0.00787023502182991	0.0181190626461916
0.0755771342456387	0.00360075188974156	0.0056446682658507	0.0030292336836611	0.0197909107080649
0.0589972822328786	0.00580311803044179	0.00502286995267233	0.0058637116798986	0.0157463775374702
0.14884337711308	0.011456067715345	0.0196531236012219	0.0099855897080335	0.0432988804059396
0.0704384210871074	0.00451067136684425	0.00750931966985796	0.00462435022361908	0.0183606197080873
0.0712912892286139	0.0197336524592241	0.0120890976355607	0.021062837333845	0.0321049300746509
0.077376517815452	0.00740361206736446	0.00480701995836923	0.0091457928628521	0.0199424450161697
0.0630492187064116	0.00540103302478895	0.00405608317158971	0.00911415211312656	0.00984485886932723
0.064446274394576	0.0037197540748548	0.00956837545044932	0.0042645887687792	0.0214926406230926
0.0547355964262198	0.00510364216636921	0.0039077341790347	0.00864783546875045	0.00941474997898483
0.0563527721102738	0.00916186457948616	0.00491069468152663	0.0108247881669118	0.00986717835303058
0.0703369846688583	0.0150982602865041	0.00490989816834311	0.00959063775098001	0.0191502705204775
0.113775076930236	0.00280588675581751	0.0140833830416749	0.00635558402746366	0.036711651874757
0.101726803984548	0.0102419630235009	0.0125942974915929	0.00809505327329486	0.0301829394856206
0.0907387124126181	0.00258522257174789	0.00429593681210329	0.00264938932044894	0.0186993769743048
0.115927025848854	0.00349365684470964	0.012842715013335	0.0034565105439632	0.0387727059910533
0.0671393136872854	0.00742247791878054	0.00362684473822944	0.00697272486659882	0.0120723262872167
0.0637096984089943	0.00268606602667344	0.00445966923435878	0.00624774093268691	0.0133696149229105
0.138955564531835	0.00340886266259614	0.0157047436665941	0.00406193797755214	0.0410354790200889
0.185094703857961	0.00319409695103858	0.0117934268283807	0.00757757547850905	0.0443232418964692
0.109488703057764	0.00501981261171426	0.0104554170684583	0.00253000903489314	0.0324559263403578
0.0590994358333596	0.0084287789675416	0.00780193402851746	0.00612620355033672	0.0155489384435395
0.071747875189455	0.00492818713551718	0.00849233018856481	0.00429808759462084	0.0146975809562794
0.0793369928997944	0.00303643875472363	0.00571772499118146	0.00311047644526563	0.0157374091292075
0.0549585113380138	0.00630331087155871	0.004440333322608	0.00918981717449682	0.0102412632931279
0.0736601320224303	0.00878545192744482	0.0104259105292169	0.0127445158956233	0.0172449810515392
0.0963118189978728	0.00388214797111652	0.0114032723145179	0.0073959435920847	0.0233480720455897
0.106464874864219	0.00288461828374862	0.0114116340071067	0.0053560121397105	0.0310883253918157
0.0595786516791716	0.00650774634327817	0.00378233045613875	0.00653908090538322	0.00957587484234092
0.061301897161282	0.0143846617467283	0.00360320524127705	0.0138233593720339	0.0119793980077244
0.056528615137867	0.00384910966693569	0.00532465857993104	0.00374579256440685	0.0141232623845803
0.0558755022619338	0.00335511119359984	0.00362921382593729	0.00496970924910596	0.0127777227495155
0.120039702332037	0.028816696838146	0.0247071567870391	0.0228125620754452	0.0388889625252733
0.0610174899519573	0.012114773700029	0.0114822798801836	0.0162927555232522	0.0297763554472377
0.107517228513745	0.00388055860514835	0.013025937377364	0.00508024244768607	0.0372717648590943
0.0571057103423285	0.005680819801214	0.00369091009438566	0.00551230102653083	0.0094253785681574
0.176678432893822	0.010216165269774	0.0105338427770094	0.0171640325675669	0.0419408906715959
0.0962599550119491	0.00510885191487086	0.0122013585110766	0.00542753171319506	0.0279987689347246
0.0628724616452077	0.00279228153575839	0.00590781655584193	0.00548853370825198	0.0168413525308092
0.11849456452404	0.00353139336142677	0.00395057520535724	0.0080024243378966	0.0263395937358944
0.075141408864777	0.00305487197822063	0.00500284720698243	0.00570889008334741	0.0164349297093277
0.0552928644731158	0.00547266684369847	0.00620460048409152	0.00383129976426603	0.0136638209902713
0.0559953941122955	0.00525858987448309	0.00417439601280281	0.00361859129449223	0.00942152064025694
0.0559115157580102	0.00334466217159551	0.00448140884308667	0.00900685813074527	0.0100546402217634
0.0592480063389677	0.012561671510237	0.00852439356910495	0.0157524675047592	0.0159357905312384
0.0595544408547692	0.00309350733438066	0.0057110565634876	0.00498322857912288	0.0145270183968442
0.0551618121373378	0.00556697717636305	0.0036387207954295	0.00798650781272987	0.010345430648972
0.0623943227039295	0.0120321767255213	0.00656632808134776	0.016209429422837	0.0102361367357474
0.0897587678418849	0.00281207215892377	0.00737379623129326	0.00241874993370838	0.0233737801383319
0.0653541052898749	0.00990902896799473	0.00472812705698887	0.0111945665448278	0.0112899563576582
0.0972584750100753	0.00372558466211619	0.00734186798455514	0.00277003130508185	0.0245319430725409
0.106245701715468	0.00493400928418624	0.00364300346941774	0.0107678502010068	0.0115860264197651
0.0544389505695039	0.0108407085053114	0.00460808827216876	0.00800994764559017	0.0094295139133386
0.0546487638915159	0.0133908799696911	0.00905046665062845	0.0156911101548133	0.00943089794803192
0.0605408072062249	0.00336854862404533	0.00469166375188107	0.00631524238781839	0.0174821568066617
0.174400520961779	0.0111048460002656	0.0137434264667904	0.0156951808967808	0.044557548811069
0.0557330281905425	0.00268004214828695	0.00426586229741764	0.00421909055843915	0.0115470591767844
0.0911742295042431	0.00406620329394755	0.00442783906896437	0.00500985859463837	0.0216157925353255
0.0555452781882263	0.0052564009694391	0.00396706150714537	0.0106436886147671	0.00963358155608843
0.0815178044323321	0.00501937906183689	0.00902413619599895	0.00585534738715215	0.0158987832437874
0.153817061476505	0.0322703019564329	0.0303764290150351	0.0316169918532979	0.0508192777918898
0.0972960488041805	0.00616085887416052	0.0081880546482852	0.00311138832513	0.0219226468896842
0.0578875037276557	0.0156112771213246	0.00484995682790362	0.0102381674064791	0.00946836166542409
0.056359352144472	0.00330989043582139	0.00359784499709947	0.00512537118761219	0.00980136598378118
0.365986864123888	0.0102897710968698	0.0056894293184522	0.0127779740372245	0.0495862867424314
0.0590918051235969	0.00623999163215878	0.00378979411220566	0.0103712482337637	0.0114694793077372
0.109802106622233	0.0222637293271886	0.0127734143882928	0.021214520590516	0.0295273172636021
0.0640739806490153	0.0044826342476481	0.0116470882963188	0.00895409093020918	0.0177639264175875
0.190919256781617	0.0195897132931587	0.0104200164266885	0.0154695585905975	0.0361511515329335
0.0864824848544674	0.00721023124957221	0.00488847049693088	0.0114764153152006	0.0116323763737395
0.0685020394327768	0.00377036143334096	0.00538277529456227	0.00634255854486655	0.014732937499538
0.0625079294638942	0.00261833657254389	0.00365838322625831	0.00349222100939858	0.0112022664722314
0.0546831822347001	0.0248341160783639	0.00424028440750224	0.0162791888373488	0.0094505126856314
0.0728323671105964	0.00400122560144708	0.00927746102061605	0.00241074895354322	0.0198005670526159
0.0811038188241343	0.00261161154858333	0.00383113331069405	0.00332136327022582	0.0153107859367436
0.0622275484887627	0.00495225145826548	0.00425301116509383	0.0063528350957004	0.010706139769429
0.054741301043108	0.0054736873101375	0.00577202422138529	0.00307680217757396	0.00941867011389471
0.0567911135406494	0.00957929083331023	0.00359958235219518	0.00881866626633569	0.0099489845656989
0.0739332589834703	0.00420134139540192	0.00384290146388006	0.00835460104508963	0.00984020546964313
0.0547639303769137	0.0148964141426188	0.00476761333507433	0.0126469122273786	0.00941426923934895
0.078334974895329	0.00264962945865392	0.00825175429876946	0.00235483432688345	0.024518188113945
0.0722387656496721	0.00611604370160773	0.00391470162635899	0.00947577820905045	0.01576889426077
0.0635726381421398	0.00684008481654038	0.00567203036232824	0.00721005337247001	0.0122134187121467
0.0580654396222958	0.00690776128006456	0.00556909678418392	0.0104440451429349	0.0110858451885477
0.0869408842290172	0.00899229969940133	0.00413323133256301	0.0116811422524128	0.0190940071322277
0.117291000812571	0.00429285712687143	0.0184036714024202	0.00699772166941811	0.0357951071505208
0.0749521126858466	0.00390771094423828	0.0104386677596132	0.00360441969398251	0.0254875494823195
0.0880412562627691	0.00351561669706354	0.0120939211508129	0.00563646346014648	0.0298448077612636
0.0874044102264682	0.0027904576916518	0.0108972265333626	0.00331984588628575	0.0310388200098756
0.241545636896429	0.0112869295406745	0.018164342249387	0.0118092952289144	0.0548711505842304
0.0626241627281753	0.00589167124460168	0.00552023237865207	0.00677565667550323	0.017488531814475
0.0849391859609202	0.00290785972028474	0.00824032595943588	0.00427093062859827	0.0260411549294769
0.0822282338870947	0.00360432550928695	0.00576622017603208	0.00358946505824118	0.0176920880534982
0.0556492281927824	0.0064082334664662	0.00413462060623734	0.0102870241692245	0.0127077828456705
0.0619001492545857	0.00427141166939103	0.00476465830582252	0.00804792805358562	0.0150983454779374
0.0650809448757364	0.00329233908252405	0.00658273998059674	0.00445851016847652	0.0155567520707018
0.0600518118094668	0.00883922517478895	0.00576641853666233	0.0104082826350653	0.0100471896510364
0.0550346366493893	0.0104012778784033	0.00471443745017514	0.00942482269686429	0.00967876317629294
0.0580519750379651	0.00512202884505007	0.0171894937071497	0.00952579931447751	0.0175481004293227
0.0676881979360103	0.00342523505161111	0.00363537154069342	0.00408048420040196	0.0131976586826375
0.0549596848325069	0.0132808872974189	0.0141087003501422	0.0192176150709889	0.0154306461491673
0.144010646934502	0.03095581807567	0.0279994722164234	0.0223379814860609	0.0554482700166828
0.0594874224636379	0.00547337812216401	0.00413888281470071	0.00767397167956274	0.00945437292360255
0.0840732080165329	0.00270160640283863	0.00896675407408963	0.00374580565452839	0.0233656733020346
0.0872917998638024	0.00262109127286648	0.00860991805489777	0.00315927990160188	0.0216647958897366
0.0624896740468342	0.0070892365089839	0.00511519325923547	0.00867773260586331	0.0104932181971622
0.0875651520741833	0.00359552767677233	0.00606458532869059	0.00582103672863733	0.0101095712254275
0.204480888171867	0.0144784503130377	0.0165380806778012	0.0164256055068289	0.0464173171104798
0.0595155958221362	0.0127644308050433	0.00978909389330983	0.0152790069777268	0.00997664265387471
0.0749706938121954	0.00378023690385763	0.0105462333829926	0.00271318156310867	0.0255979258874797
0.0546461006395099	0.00258345715981946	0.00422696163430327	0.00362705304486588	0.0102528357020217
0.076403094342917	0.0349309350098136	0.0070736176815147	0.0194656974668941	0.0153142346233877
0.0556255295640353	0.00742636645177903	0.00375277359598065	0.00768431436217186	0.0101524852676103
0.0544387818309524	0.013902670283429	0.00369619063047537	0.0149454068929891	0.0160935131989739
0.0632459553645344	0.00647952292636835	0.00886948730811463	0.00703175566756872	0.0177691558985673
0.0568942685930593	0.00599330521389914	0.00480935356319385	0.0117613370121007	0.00941842929510561
0.0656540433202651	0.00266024783227047	0.00685725671697844	0.00491555613181237	0.0169997472481999
0.0549765406189718	0.00630620070942821	0.00397039603275268	0.00713005975869011	0.00942222226088262
0.0556685065212062	0.0101007951050525	0.00390471345003152	0.0111917914369441	0.00953627772040977
0.0577577010250205	0.00585366823296458	0.00395500058289446	0.00886151249782773	0.00955845975314821
0.0715648022013848	0.00405800926804375	0.00401692592350063	0.0062767357026946	0.0133126737574475
0.0921578389366135	0.00794351872928733	0.011285637131118	0.00468933665802344	0.0278109470059768
0.0577326241584321	0.0332406063844529	0.00450264867059849	0.0150848470554343	0.00953988635484897
0.0885852413950383	0.00292466831204195	0.00678307130391	0.00220439426410906	0.0220729800099715
0.0555987707943804	0.0119066901505571	0.00415265743082349	0.0168946052765916	0.0111123951477267
0.0544763963824408	0.00744467588937868	0.00501897938395194	0.0125632686132573	0.00953526610312646
0.0778550535039541	0.00719407017898726	0.00838743214927462	0.00532416357464074	0.0205969625961169
0.152421546324056	0.00636030836120336	0.0206931452951095	0.0115234618146987	0.0523945545151316
0.116086831037356	0.00570316346441786	0.0171203408221767	0.0102338274702217	0.0373080293266174
0.0894167473062591	0.00545066084751729	0.00410627601654941	0.00984119545350946	0.0220975299197926
0.0595316276106909	0.00258607240365205	0.00412184921987377	0.00264446756543816	0.0121919637597106
0.119798502445693	0.00309679418565525	0.00904154694570229	0.00325448934354208	0.0329245151306119
0.0633261529678019	0.0125438855381153	0.00886187198356715	0.0116810353288518	0.0183391218155718
0.114486801198761	0.00294329317706501	0.00961457725519423	0.00346405002140573	0.0336550789828882
0.149085470644063	0.0190808667593495	0.0176906420324859	0.0209556903793961	0.0480046550574782
0.0553614677381314	0.00434787268707394	0.00527233483608219	0.00719380853444785	0.00984261306374875
0.139474320803283	0.0174460170380866	0.0295808313055693	0.0201773428942155	0.0498425038061445
0.060670009349927	0.0126141992419399	0.00381201358170593	0.00839803334207421	0.0100638285277811
0.117786938758434	0.00477758422013783	0.00996277903131338	0.00881748487661187	0.0318870547097301
0.135525298394316	0.00858112578692852	0.0127633675080293	0.0105508653944886	0.0420015996831139
0.0789137170962961	0.0182299278004345	0.00577576277741507	0.0156642984127286	0.0136864812682278
0.08590560962644	0.00623743709307663	0.00360678994776996	0.0114802090178674	0.0151419289362893
0.0605238871179666	0.00258430444147456	0.00358959760223958	0.00652408593643172	0.00977089438988337
0.0611366336007397	0.0240799044619724	0.0075145879290409	0.0183367161632699	0.0132702051162723
0.0946768374898469	0.00261873948680011	0.0110881919156995	0.0035935597525721	0.0305570055097469
0.0974660387539333	0.0193453776922281	0.0144061135497078	0.0186159501129365	0.0335150113605318
0.0595857121427229	0.00560520392014254	0.00375327228960919	0.00940039122714871	0.00945372915978791
0.129015261588815	0.0175210476777515	0.0312727141435764	0.0226797120671482	0.0432498423840571
0.0936132336185348	0.0175790037564876	0.0112603038909855	0.0155141886637658	0.0243324284857388
0.0621120997874581	0.0122626083464295	0.00568534945969193	0.0135025008834104	0.0150300944081623
0.0929288254134404	0.00272722279741385	0.00967353730177879	0.00228004752613847	0.0305910718478524
0.0544428079037879	0.00681699445618531	0.00804563238982813	0.0123629064361655	0.0105483084180209
0.0648065276297057	0.00470828216518698	0.0107752043409331	0.00781072295643362	0.0248043390130739
0.114007246512903	0.0038580458328082	0.0226951415917677	0.00687053402155269	0.0458679265477158
0.0568941389589319	0.00394850313037136	0.00422514052285126	0.00429909005024747	0.0132322880541651
0.0642849249116004	0.0086224174479045	0.00387682298492978	0.0113417254314808	0.0113463795599127
0.0573480598449845	0.0150408688152209	0.0100690162931678	0.0168834544589	0.0146486963528124
0.0549888537729452	0.00339091509361729	0.00508394587251062	0.00588399484824131	0.0100174724412424
0.0789999145091786	0.00400427721445716	0.0105075646795967	0.00594810547284099	0.030372009300739
0.0815305507277408	0.00281433471522067	0.00762190658901033	0.00555135935572206	0.0204913548394265
0.0872678801841186	0.00908199617283749	0.00536623217457519	0.00718892345927455	0.024565803541
0.069642699271942	0.00302724488111591	0.00620734515565907	0.00249137806190895	0.0173376477225555
0.0571477728025513	0.0071560310838698	0.00398138424404003	0.0056959738465785	0.013103746604213
0.0564192652175484	0.00268262087565543	0.00599838441791931	0.00219650127796642	0.00982084846544437
0.0550328812279644	0.00612243186173943	0.00500325810964883	0.00767852965813878	0.00947837417632042
0.0898930060701815	0.0070171865135943	0.00885196970578074	0.0120321814340697	0.0226384122479651
0.10413800558394	0.0332164407994373	0.00677413855445582	0.0213402003510528	0.0191751728133831
0.0662215177071613	0.0112822225133678	0.00466800497059877	0.0154394123171633	0.0168790170554888
0.115277516432898	0.00700846349227311	0.00688022411535238	0.00639253668975755	0.0283891612838344
0.0602384060210465	0.00316047233154399	0.00856606605119063	0.00421521921538321	0.0153627373053563
0.0811092296577837	0.009725034556918	0.00539493330637386	0.0119996780411675	0.0197886889472664
0.0796606562605248	0.00742424909199222	0.00361405293280384	0.0137214449208987	0.0150914453217912
0.0684869514939192	0.00292127464016558	0.00736760329334749	0.00276241485134679	0.0192866268536555
0.078308962298933	0.0116368617403946	0.0113855354482476	0.0152456075696255	0.0181225164035403
0.0651299082995798	0.00530861399445684	0.00371228637633249	0.00808652851331191	0.0103283091718093
0.0773488154952152	0.00337798697415844	0.00865969822148787	0.00317327494336645	0.0214468573342187
0.0743023307272914	0.00675621484432811	0.00409136980336258	0.00571663891638295	0.0165549425396948
0.128409051961834	0.0031001290465382	0.0112379930731257	0.00403971482790331	0.0343309823683385
0.0969626879350065	0.00777203850945041	0.0131115439179709	0.00356080070291671	0.0272711056618974
0.0860351446984634	0.0147571594234705	0.00667650770149963	0.0148340610600804	0.0142576061028252
0.0648341538233135	0.0030128844581365	0.00365347568336099	0.00429242044129494	0.0106141053010311
0.0965374183377307	0.00394765115936585	0.00368008382034026	0.00391180784458826	0.0195486297063984
0.0812908171964111	0.00273071046464251	0.00755049539756966	0.00256759724769165	0.0224549627627098
0.0575706363071937	0.00326553721891941	0.0038884285354935	0.00906614101274203	0.0103495476847701
0.0757595150890223	0.00257456025067149	0.00477896621106698	0.00222816710043259	0.0128898268966841
0.0627593355526688	0.0073648796366682	0.00362064868685499	0.00866487682086765	0.0159234977932836
0.0739556777260649	0.00639545685750117	0.00420286112643392	0.0035908823907854	0.0157766184423245
0.0801161979508138	0.00552279551934402	0.00515751029365321	0.00611334469658932	0.0162960299624933
0.0575456146532139	0.00622671618946354	0.00437306214791199	0.00332742737455684	0.0111015383862023
0.104136101718473	0.00314435893228634	0.00943040586096306	0.00258031887426688	0.0272661218695359
0.0643636812780288	0.0126748724737542	0.011694836884412	0.0145052007038229	0.0211865560996872
0.0794000519264598	0.00472121308694157	0.00435549960757257	0.00590501807462794	0.0182336474178761
0.0747477172956906	0.00975438500213909	0.00616361590748162	0.0116737448445606	0.0207121976432103
0.126837700256189	0.0166792808099817	0.0196471427210562	0.0266540969045723	0.0378444375056994
0.0568079351171021	0.00294562248527791	0.00607062717165624	0.0071237124924615	0.0126576758233523
0.0750782987840499	0.00637887404781022	0.00533705414234968	0.00761731730307691	0.0211314887830703
0.0757352115066075	0.00364754445885025	0.00468786052462791	0.00440883572263021	0.00943536806812546
0.0544754791342494	0.0121327946205825	0.00363859855659071	0.00998230590651846	0.0109802968692933
0.0652943686230014	0.0112726013248592	0.00450817249009524	0.0151690501988107	0.00963521722350495
0.0583512580632111	0.00591159146919976	0.00483567921891506	0.00833171681102752	0.0134393011501608
0.0545927973138763	0.0131442988454679	0.00867010268232974	0.0148434797747193	0.00967311702084003
0.0769606059340198	0.00345477328098638	0.00952759554147227	0.00445686854242118	0.027465268960872
0.0571100073727679	0.00402241359480386	0.00363109990064997	0.00360462705925221	0.010587703375548
0.0605072815103121	0.00857495256931839	0.0164856429649224	0.0108400452338184	0.0235583160252098
0.0645179944208475	0.00286357209468864	0.00448185545864265	0.00267059540941287	0.0154556050696262
0.0730870601563757	0.00854705450092423	0.003715710561088	0.00992972600648749	0.0106370658269602
0.0771872586727831	0.0182040739480578	0.00440887562324411	0.0154818312887775	0.0130655738892653
0.0600937467563939	0.00848011579515761	0.00380856121687531	0.00985150954481404	0.0160636021572688
0.0564997836619567	0.00330029217534848	0.00399327666992537	0.00374929495479755	0.0119166730479383
0.066105316880893	0.00482677501486171	0.00363731371947895	0.00900061480072128	0.0145204694362317
0.0545087109685958	0.00606576403193453	0.00403773777495195	0.00825350079477309	0.0115025901041602
0.089279031429971	0.0058447040786924	0.00463751564791459	0.00974488337818969	0.0204419380667614
0.0545180467869621	0.00305206793708311	0.00787263324762069	0.00235709310712724	0.0140449268485074
0.0544610416370166	0.00500913059262265	0.00393562786964573	0.00657087319666288	0.0103757374566661
0.140392326104414	0.00820305230223362	0.00587803534566132	0.0124768591033529	0.0199139397920919
0.0646924054709571	0.0101875671003754	0.00679689179662364	0.0104434578757623	0.0189348725627716
0.0891489551718631	0.0208940841727298	0.00649471634217231	0.0162064466401955	0.0195387712454959
0.0545530760469814	0.0113381682025045	0.00398036002176175	0.0101376004474408	0.00946310096913083
0.0821730756429333	0.0150352549145071	0.003733920099555	0.0136732223786124	0.011794166677504
0.0753337320025107	0.00602985739161276	0.00373724105308948	0.0111937482670106	0.0114752317553539
0.0660179263247888	0.00515055358662174	0.00467244548402836	0.00228980900594672	0.0141831890556972
0.0965531798568908	0.0257269887552917	0.0154639412080191	0.0200682146388727	0.0247912726804475
0.103173437447791	0.00258545673577868	0.00842771375154502	0.00281287364161675	0.0272015726450634
0.115781156850185	0.00620954018356912	0.00366712067459954	0.00645287583402855	0.0301934079016208
0.0600412384556589	0.0124766744929942	0.00359415550642193	0.0117874039438445	0.013283326097065
0.0641861076032929	0.00311739788423149	0.00552721309080023	0.00885820247250402	0.00989100540304795
0.0545084976463702	0.010657975280432	0.00845182392903354	0.0122163829390869	0.00952165702745738
0.0673767483601414	0.0080435906375208	0.00420656282754066	0.00867383255943135	0.0131349600584146
0.055545163666059	0.00745204435837227	0.00362459954438711	0.00493575873909365	0.00952290453273521
0.0595968520496894	0.00726999205669221	0.00359248051218923	0.00980060611615689	0.0123774751735427
0.0772851710166539	0.00663037464985275	0.00615171756896108	0.00794626479421857	0.0173625617129722
0.089062321673926	0.00435264583762263	0.0120077610338157	0.00437715303168141	0.029395675265068
0.0709961619342286	0.00261248242457653	0.00521724152647904	0.00379669558255513	0.0137153550118182
0.0958075433333022	0.00269383503334179	0.00821350561519272	0.00305496982694537	0.0274755125332328
0.164868262043498	0.00965746691276938	0.0222111545616146	0.0181468249835622	0.0468388892623436
0.101549757454908	0.0027235269127175	0.0224724286413116	0.0105868397723026	0.0398132423660738
0.0578378257980901	0.0092040134285662	0.00547257342658416	0.012949047513501	0.0116897399516357
0.0718580882874444	0.00460547869096362	0.00478889515097129	0.00697323676427565	0.0174248515570952
0.0551153511912212	0.00674435041706278	0.00361907014282304	0.00865094037759053	0.00997691988405646
0.0791903660303517	0.00258902596343056	0.00734797069937176	0.00324897470414593	0.0186499928470477
0.119865176087858	0.00272235277989255	0.00957909974162918	0.00222584376353042	0.0337324229601445
0.0544805200083435	0.00271258792352335	0.00365929872065403	0.00276986386695356	0.00960404544028511
0.112023437797208	0.00295319242321087	0.00820201378340007	0.00336899858754679	0.0300843359633118
0.0857062837020812	0.00558939912000818	0.0121811592261112	0.00468802379361377	0.0243679781135021
0.0704555236649367	0.00474042715655006	0.00403371237554639	0.00723562432256356	0.0117889633513281
0.054744758996365	0.0142442939075781	0.00593810751247949	0.0144031083967463	0.00941299016343286
0.0819833117599638	0.00556830600606235	0.0062255833934831	0.0087863132321336	0.0163886825384667
0.0608198151230654	0.00326897267037771	0.00360337697254168	0.00477799709898823	0.0103276823024864
0.0959448489180677	0.00634215244025114	0.010454085360897	0.00301291537195244	0.0289971783037348
0.0556174162092931	0.00770781101275846	0.00367514403562245	0.0126418735601223	0.0121928418600603
0.0548494326672411	0.00292789247169204	0.00368146391773486	0.00706738193942537	0.0103491929807038
0.0573923216657228	0.00741293750959214	0.00443382063251467	0.0093179446371656	0.013216672216522
0.0734599057375059	0.0104654714049302	0.0053485224879507	0.0122429529099403	0.0125336534119394
0.102586484424823	0.00258110810730876	0.00908125743436143	0.00289505953738622	0.0318182518039544
0.0794603763859491	0.00591843330140738	0.00367492153511331	0.00728119516138636	0.0182727955663822
0.0561969978751967	0.00741490872480343	0.00359916150612225	0.00826597212577006	0.010180614370122
0.0553076057205763	0.00293518865378535	0.00716842603170713	0.00288239787894552	0.0132416562983664
0.0632090526775902	0.0033971419316337	0.00730094759182327	0.00300653212248227	0.0159495014747499
0.0935471881163787	0.0114930053602589	0.0124973363380866	0.0148546589412175	0.0281738073649615
0.122634701741474	0.00542879453947512	0.0126272352204561	0.00614318124862868	0.0359595946271671
0.0690564579485923	0.00959830124381965	0.0136393058306011	0.0150607850028284	0.0224127336615928
0.117200249296984	0.00647884855008349	0.00437424650472955	0.0121478150966613	0.0196082578307494
0.148724150363452	0.0232001713165147	0.0219211373698775	0.0321850795891273	0.0498582883083996
0.0547721850368024	0.00734684907608452	0.00363699191369071	0.00703796142837722	0.00949932756071914
0.0555325368784478	0.00292025441692861	0.0040623400550269	0.00346434447896737	0.0101704147571918
0.0609144099636872	0.00561780847882324	0.00360530727519417	0.0112218055637237	0.0127632872860439
0.0546966964444165	0.00721173739963989	0.00573685860265288	0.0125420746269815	0.00941753560180311
0.0557720413767643	0.0161897756476403	0.00382085896959472	0.013870549618902	0.0114296055654412
0.0642318996980361	0.0121295839977163	0.00449912454785095	0.0146445315622543	0.0116651170538551
0.126146659498091	0.00956917094810354	0.0210371123629954	0.0162286678894117	0.0393585745650231
0.0551442762100974	0.00281793847631727	0.00430569009603386	0.0048502339413648	0.0116054595672906
0.0625459838427397	0.00859480837277203	0.00710620341222465	0.00957303999569343	0.0129891209224995
0.0583980072051524	0.00857764843157144	0.00391935200775143	0.0141797544850775	0.0109481545048154
0.0599014906526063	0.00361205563847188	0.00366967767619388	0.00661494432679002	0.00943211120421207
0.124604740668353	0.00724159630847392	0.0177787467419551	0.0105030278778701	0.0370787330709711
0.0564391407831045	0.00368640755021384	0.00508636572903334	0.00791538212689952	0.0113865613945431
0.0778192838295272	0.0538239631917343	0.0204564519908635	0.0247523812650734	0.0277672846395154
0.0647511879738422	0.00564609668055044	0.00413232628753471	0.00883008195875244	0.0145118088406643
0.137916117392811	0.0186147152374704	0.0201445131760425	0.0177803362938039	0.0408410055651552
0.133305879922055	0.00850249816829584	0.0211556191696196	0.00552535258375476	0.0446515486158334
0.206355556848109	0.0138755746625656	0.0270157745520875	0.0141476742700331	0.0739582748368445
0.11353967697416	0.00574201291627063	0.00557773844865735	0.0093659204695509	0.0301397716503182
0.0991698157232527	0.00588047355434838	0.0132336086791624	0.00836897823628541	0.0282982122684472
0.0593801231004363	0.00507497459283735	0.00601528963870039	0.00274686993117726	0.012900545325944
0.131094179455429	0.0164377658794956	0.0109520202293699	0.0133673035341297	0.0378332831999769
0.0817524904225172	0.00883732546419318	0.0045272326073403	0.0113157426386703	0.0127362606712393
0.0628155393329114	0.0140564524523146	0.0065230184956312	0.0125674809752901	0.0095467961575498
0.0636453447574047	0.0069668174167289	0.00359110734134074	0.0105896164292008	0.00944399998095899
0.0838386297281371	0.00833298439371192	0.0177805935098022	0.0155049935727559	0.0301229615277256
0.0977117731921306	0.00313022181832081	0.0190508547871414	0.0051241313373487	0.0379018318864199
0.0976220254936037	0.011573185885852	0.00924394126093701	0.014662055746191	0.0212071115793336
0.101319419116682	0.00848568393496885	0.0152838520481449	0.00956692973495954	0.0348053550580763
0.0657544911175723	0.00591290644496425	0.00491172424887775	0.0112966458106283	0.0129556039649575
0.0590975592676035	0.00591341552833853	0.00361614032538884	0.00743693374273194	0.00983324247091601
0.0738767938666998	0.00585258940299446	0.00438460967397972	0.00664383790581448	0.0236046119342159
0.0555918330816701	0.00739442897942179	0.00361297420510619	0.00865001058765187	0.0102168997342324
0.0557290450281149	0.00379958689793646	0.00631377754887093	0.00220904972370385	0.00963564751575999
0.138102982944003	0.00545297849913373	0.0199312162820264	0.0106865730712699	0.0488026357533964
0.110096678408225	0.0145890358136536	0.0195113240148132	0.0104537787779523	0.0315272703775389
0.0544392841201946	0.00379701882893534	0.00543785211843256	0.00264916725703322	0.0113141399975786
0.0712905676137333	0.011501826671244	0.00798223842403736	0.0118324638915596	0.0162949866834299
0.0871444280242307	0.0166933303249051	0.00647229931076164	0.0204065574327267	0.0129668456436964
0.0807011003599037	0.00731042774333834	0.0144935569095932	0.0151277226279314	0.0264823332969497
0.10207879766086	0.00380129697509361	0.0128144955173144	0.00614512620845841	0.035232974960494
0.0885648612940535	0.00879300339699717	0.00535664248372926	0.00936905074785621	0.0137367868036784
0.110694138820224	0.00265904544855584	0.0108223590346926	0.0113522516679291	0.027811056431101
0.0842992812684928	0.00855123432139509	0.00377845589221649	0.00805096907394657	0.0123574885949136
0.0694175188494542	0.00677442533040326	0.00373474581289215	0.0102907874924289	0.0109152362338402
0.0931927118618333	0.00266950717104649	0.00814554366817902	0.00474229374839952	0.0216879347532904
0.0582448186010669	0.0151984209123727	0.00366083875018293	0.0104503123868895	0.01048968684409
0.0548432879790233	0.00621964726082224	0.0049857787038512	0.00857110376045601	0.0108812833541739
0.258197135345074	0.0142976387379014	0.0265257512754144	0.0207367163255738	0.0847552987049374
0.0744931993692924	0.0039174476173875	0.0114939264693409	0.00365886453329647	0.0265361444279169
0.0545177605016366	0.0174906446463978	0.00423909909320676	0.0109885404261838	0.00944835523644423
0.105325632854769	0.00525670794842288	0.00477426268415154	0.00733482927468761	0.0153712064070922
0.0651846510299261	0.0112910268932993	0.00952878404039399	0.013407824629764	0.0171606326721373
0.0553063502876234	0.00655661250465845	0.00514845206245432	0.00526732354345982	0.010284423947603
0.111370730436983	0.0102648123984994	0.0188155864847306	0.0203981632624166	0.0365088808586052
0.110246251522999	0.0205622826943794	0.00819488198331099	0.0135579273329211	0.0217876925275775
0.098849251085069	0.00622469426891516	0.0084873348793821	0.0111339602521437	0.0241983860936601
0.0549464561899421	0.00720570265788139	0.00595618880573034	0.0114080530532049	0.00959640793493242
0.0560021623585248	0.00796721146970554	0.00421677713891186	0.0119718944695912	0.00941823726386437
0.123235659085785	0.0129412190135577	0.0081305348387638	0.0139089148098521	0.0190077382489759
0.054465260720762	0.00275627078049758	0.00431047556761521	0.00226268400726306	0.0100088800951199
0.0550401750185328	0.00622207005829435	0.00394312125637679	0.00975193252590566	0.00942523452475245
0.143760887520932	0.0176336217112756	0.023338886847388	0.0215516288683947	0.0444223769411296
0.0711901492406361	0.00409576270993725	0.00868238849747088	0.00638121411559099	0.018661334972911
0.0613276187497403	0.00637593255033902	0.00369844012471345	0.0103299468261432	0.0123388322466461
0.080597702478867	0.00432537267260006	0.00919979294518351	0.00627526195600549	0.0260803948651717
0.0763482615634685	0.00617670619047289	0.00368002315110773	0.00637734802018612	0.0130733929071619
0.0698012026451023	0.00312988377680374	0.00420762415619859	0.00329380425523976	0.0129029388454915
0.059305531391338	0.0113749246639722	0.00732149899251406	0.014345572610428	0.0143876654394274
0.0554965105191721	0.00921262979393111	0.00433873237108717	0.0134203450116134	0.00943032369198976
0.131813694094886	0.00458658119769769	0.0142538528378777	0.00802372786637028	0.0377672257783017
0.139400430551673	0.00592791649966106	0.0192948007650877	0.016954858243289	0.0471532019494158
0.0545254823403705	0.0120635584550748	0.00433644130020806	0.0137269529958751	0.0100203832865725
0.0589058974396084	0.0117177276798317	0.00384739617412668	0.00921671201900248	0.00977813990458971
0.0549253954310908	0.00529539456308496	0.00547107213889092	0.0102220673978844	0.0104848008992586
0.0544534260847541	0.00262159732813295	0.00662744918780516	0.00462522541854682	0.0115909902989063
0.061996544768589	0.0145767936711274	0.00409595086648724	0.0154737570143189	0.0109393376123894
0.0679571336375825	0.00356907287308524	0.00866224386400484	0.00345804842875685	0.0201232667799853
0.0580825745366489	0.00549130648822115	0.00433359971806241	0.00824441478614106	0.0112607047202741
0.251439978629379	0.0113603029897865	0.0158667777055262	0.015608068553424	0.0551616239789125
0.0799590851430866	0.00701809673642892	0.0114967414833399	0.00475608165218371	0.0260254236529882
0.0822079839433947	0.0152363372594467	0.00608421338864798	0.0192399365064819	0.019546352392864
0.0621399826163133	0.00479817612559977	0.00639374401198955	0.0111522206420725	0.0137106129452219
0.0637614979398724	0.00468098877652364	0.00664365450352847	0.00468985976603593	0.0177769162421154
0.0583175186807869	0.00359598787095483	0.00816575393809194	0.0021959622946659	0.0179312729189986
0.0618232450439519	0.00267297561891618	0.00463578231439338	0.00266056650645377	0.0199531189410901
0.0547114281939869	0.004239140505433	0.00369570710990486	0.00442389505461669	0.00999418019072587
0.0579031412138336	0.00258510141708254	0.00383844873190339	0.00651405509841786	0.0099009950621918
0.133768317457201	0.0105616392771976	0.00892801853051102	0.0150082067693485	0.0259034608135175
0.440012435990201	0.0416146403788342	0.0356868050454711	0.0325619105648718	0.096300917099932
0.0747391160043229	0.00502929290978363	0.0068553293259922	0.00262855469303971	0.0218825908741545
0.128449623804364	0.00424083960273831	0.0182351935032987	0.0067451241328392	0.0453336134424981
0.103828785144131	0.00447446723236383	0.0201427596047413	0.0112359547625277	0.0416166232961121
0.057482148843683	0.00371235799801491	0.00364435874662862	0.00691211062055574	0.00997171336934041
0.139063973343229	0.00260111605210529	0.014274602263953	0.00371442139414875	0.043751064970714
0.133627412024904	0.0375996166929769	0.0227014420117451	0.027896243269315	0.041275989692806
0.076939056193108	0.00978320303586571	0.0116099863668214	0.0140466172662167	0.0174320239008814
0.0657329195750918	0.00557669257058745	0.00525938779895999	0.00886951797951583	0.0141050327606062
0.0830600421213395	0.00576353141254045	0.0119672219737533	0.00945315709302063	0.0223128295373515
0.120050508716012	0.00429304746891366	0.0119700535899646	0.00847868117505978	0.0348858041807133
0.0554903861683101	0.0057688117232904	0.00373484251310146	0.0110354355525374	0.0123243841494425
0.0900932806818558	0.00313872041001569	0.00964759420819483	0.00534110076442321	0.0289728743649461
0.147145698199849	0.0149098710729816	0.0414113848130018	0.0240281105906399	0.0819372255173783
0.0627675635913334	0.00484556325219573	0.0037332067812198	0.00422861313082011	0.01112193495001
0.0749241772084104	0.00265774235506138	0.00670927629770199	0.0037686510838338	0.0162040385963796
0.0544477347648385	0.00478412619692376	0.00759446131181952	0.00346296693303188	0.0146251756151382
0.0711967292996068	0.00382274287401581	0.00512056740444533	0.00276856915774626	0.013107274850424
0.0859143769286089	0.00700029811006334	0.00953242471650913	0.00297176510622901	0.0274647414541255
0.07096857767711	0.0088180963723123	0.00382798120723814	0.00832237992931885	0.0136325444482824
0.0901896000634797	0.00430747639469042	0.00557947018583301	0.0023702375458309	0.0243014288461486
0.0743718050328417	0.00259957390453014	0.00981437619184996	0.00219840481955521	0.0209779425031739
0.0629396712469318	0.00274246428675561	0.00865216377975877	0.00220079526261309	0.0132433339982075
0.0562074986351483	0.00741568488557347	0.00510943500241676	0.0139479061474118	0.00967345350231628
0.161361889563753	0.0120982025922577	0.0272265126562874	0.0161731946265053	0.0511185356667115
0.0960228451244197	0.00541456242845107	0.00369829142936282	0.00765398916027414	0.0172491448300435
0.0614378881138836	0.00528858359891431	0.0049458338670016	0.00789703872927036	0.0138596760602604
0.0572449255624218	0.00738393426324553	0.00418718061698328	0.00979730567144223	0.0098374354465481
0.0748935759822495	0.00353660985452894	0.00672080754317513	0.00392390709269162	0.0227023169492317
0.153608384644463	0.00863499823591072	0.0226794598230058	0.0078445670455841	0.0559822479158965
0.0552200235427337	0.0160826331970304	0.0081717742221483	0.0145030246117147	0.00972941665626962
0.0612444602627421	0.00336347965472537	0.00630945468541538	0.005220431756585	0.0114938945050667
0.0728662476214482	0.00286038452653638	0.00753680936996781	0.0029816110850127	0.0178707177063162
0.0825894636995598	0.0150882390661709	0.00807654754367755	0.013614177983347	0.0220632028644893
0.0870270414134167	0.00419344284287383	0.00700884567276423	0.00283888257465999	0.0255539715475856
0.0811420532329631	0.0295209686535253	0.0173923500467814	0.0221934490504214	0.0173195806424495
0.083962823342141	0.00257827795758501	0.00743356671062416	0.00400662122392387	0.0272504595592072
0.0566898928712024	0.00605908732908616	0.0041642876503939	0.00601548510473084	0.0094300276635769
0.0544572741308355	0.00971702774520198	0.00362312122528918	0.0124493024835924	0.0111065891755983
0.0590932547936816	0.0133584186102131	0.00517924059899913	0.0140385505655701	0.012497921314641
0.0781066892870842	0.00657798222006349	0.00769850905887098	0.00736498502380887	0.0273692618788422
0.116397806837579	0.00793257298916345	0.0121599109501512	0.0128732481951159	0.0334998255419593
0.0573265590589783	0.00264017674029073	0.00422701890569897	0.00349731382459727	0.010332956611311
0.0599719678207495	0.00392630906186498	0.00570606833703773	0.00517087739491052	0.00943919983016633
0.0829542025241846	0.0040516350321199	0.005390073965126	0.00219972205464564	0.0225349398109754
0.117248944357968	0.00873016759683315	0.0182778891006628	0.00574515431717814	0.0408102177667664
0.0544387863648586	0.0182292008783939	0.00472335150339043	0.0152210270636817	0.00973280978572103
0.0620048555085313	0.00517198105647345	0.00499767096975396	0.00477752845078079	0.0139455854380651
0.0598511692516855	0.00860256108450445	0.00359760353554692	0.0112732461798719	0.0108411971820425
0.056837739127401	0.0125450690850314	0.00714624852994448	0.0133281086501651	0.0123647142625152
0.0564969923768119	0.00437154618841221	0.00361154968666832	0.00676588806931491	0.00943041174106183
0.0805749181678174	0.0071944577954648	0.00984922588645555	0.00828171150738213	0.0236627729719302
0.0660016321953793	0.00609578539807041	0.00361930074304984	0.007494596354282	0.0114078049615062
0.0668779494211251	0.00711135230346901	0.00425021224211268	0.0125180647215989	0.0100234616055828
0.0748337454134358	0.00258408366513812	0.00622582819552594	0.00445772008637662	0.0234550326436489
0.0698177090562541	0.00532388240375231	0.00420315562240564	0.0044661831014018	0.0144639302660312
0.0642740434593761	0.00313748208403539	0.00773069911738087	0.00364042734069526	0.0145397640593927
0.0875631504916812	0.00501722028218681	0.00362914523315786	0.00870879305377977	0.0142625528593056
0.127057184760142	0.00945513453975456	0.0285316219890966	0.015472381908355	0.0493445271348977
0.0580195969928812	0.0215020741095041	0.00417269444116192	0.0148973480804198	0.00975417970296318
0.127583396381436	0.0112806208105384	0.0172582764513578	0.00590205735538521	0.0445987775543927
0.197848911544054	0.00849052118866666	0.0191234648219084	0.0105626022026522	0.0627233659745881
0.0895979248624876	0.00257518638072392	0.00898632739266647	0.00287008607571122	0.0261358216227853
0.0647484480088205	0.00603046270084199	0.0060277441650189	0.00824183903193918	0.0208721734634609
0.0772459436220735	0.00258106134308205	0.0039984449722239	0.00486071929626879	0.0193112339044869
0.10649608946279	0.00265738329188096	0.0119641719067147	0.0108096402512564	0.0321235845232523
0.143103204514441	0.00583741446451182	0.0158784341574985	0.0119811676833197	0.0425700976527246
0.0636207900868269	0.00309307668148319	0.00842715832039786	0.00233398499161038	0.0154605579905929
0.0546658412933665	0.0263333005314824	0.00584795691712869	0.0156310203263019	0.00947060680379055
0.124466602661536	0.0100984018963827	0.0242500975392647	0.0174461187370185	0.0435611052542858
0.0833396521494166	0.0042167941481023	0.00493738946534552	0.00411750572526617	0.0156635338445585
0.0758804145171273	0.0146912676662561	0.00374715758824464	0.0120689767610779	0.0108046794456996
0.0764504531453572	0.00332346118122884	0.00838337053602294	0.00224673708160547	0.0213704753760407
0.0871800555847352	0.00489450290763918	0.00812772492623283	0.00492561665065338	0.0210097305554485
0.104683808118266	0.0108098916431046	0.0131013557624429	0.020408358218191	0.0287136787097489
0.0691941030780284	0.0060896705475475	0.00470286845726502	0.00903827414784711	0.0117802215963264
0.0746277972795839	0.00694297743599338	0.00528148632555452	0.0119642930850993	0.0209681539363726
0.0960425590692166	0.00408191966068122	0.00814693813557277	0.0032122708095509	0.0255567880197291
0.0545244437595645	0.00638809984254118	0.00466018217732742	0.00950111693836596	0.0106104237151799
0.0660839069250092	0.00715763075918232	0.00366312430010457	0.011634959497489	0.00943919838284662
0.0544465028284882	0.0128248242544303	0.00464013692616908	0.0111147365080939	0.0121962327553901
0.0762551463669129	0.00314905427444125	0.0042015913126061	0.00263966384506408	0.0117190667813641
0.0826584968892547	0.00467992124087376	0.00583247939352783	0.00316121605804138	0.0210989307217696
0.105987143677695	0.00781379000178484	0.0097306378793878	0.00813494499682016	0.0294418475977719
0.110938714516536	0.0119451087403757	0.0161141008201888	0.0163507202093963	0.0322695701736645
0.0546448852589685	0.00350597871761634	0.00362961067105193	0.00401717059211968	0.00944155193708759
0.0634425849829415	0.0101519178156953	0.00676696611177242	0.0128732518366997	0.0170700292254873
0.14824275289991	0.032691632085949	0.0338330906941833	0.0454955793761513	0.0434585084783371
0.105523756283348	0.00438634426278463	0.0086064199047541	0.00219498669510341	0.0247579410344036
0.0558455746677633	0.00694437659501752	0.00442324461729421	0.00975208476276994	0.0147599153364609
0.109389630624407	0.00294897360464586	0.00993598956106992	0.00404684312788741	0.0274303928933709
0.0582628683570759	0.00595002864014381	0.00774387404309093	0.00518583571361996	0.022678210982081
0.0643389880454078	0.00288400221923197	0.00597200457804558	0.0111628316356081	0.016446717991884
0.0555451419948305	0.00303774520079547	0.00700054137436689	0.00245875233455622	0.0119464942539898
0.0556743585807376	0.00269255059199478	0.00955777884219348	0.00463759426016466	0.0128985847509522
0.0550006779148458	0.00373910346426045	0.00368416188250169	0.00492416944257527	0.00944551784088368
0.0548115629734425	0.00671486750533071	0.00796104461963394	0.00679672976820454	0.0138185788676759
0.0558804046594859	0.0154241830667115	0.0112382187780279	0.0153518470093748	0.00966667505989417
0.0630923016734684	0.0138151692382992	0.00837205456592317	0.0172456797120714	0.0107791104475128
0.0865124410067015	0.00383519890818027	0.0127811711066912	0.00651134654162259	0.0271703755746408
0.060765894892069	0.00533031759190527	0.00634682732917656	0.00392251958106026	0.0150989948207265
0.0961730981628624	0.00609152053982886	0.00999081466328271	0.00901749574485027	0.0286997717765474
0.0783659403604187	0.00437749241966197	0.0136333779774965	0.00311352632170956	0.0217270814428499
0.20872763209798	0.0273692823865707	0.0220430024080191	0.0294043210993231	0.0521074274911204
0.118932927293671	0.0284695102289648	0.020338181626562	0.0234586390002921	0.0308442415474581
0.0754900787557458	0.00278865119099442	0.00482268704065393	0.00276460438697469	0.0165331750215565
0.0549606806464444	0.00837261013453787	0.00363695184279267	0.0106198534280807	0.0131946681424179
0.116771896820263	0.0168565414819796	0.0212207943405708	0.0169497829841388	0.0389508502337318
0.0572107060188041	0.00281470526816873	0.00373289999485513	0.00766257314268355	0.00956644952000447
0.0569191362263755	0.010095876119377	0.00362397894889988	0.0127101321532858	0.0119168520584047
0.0630112314974623	0.00633713855537854	0.00602422314567706	0.0136151703362866	0.00968679661830009
0.0665244708691336	0.0167921541015646	0.0057236619339205	0.0136066479704807	0.0108827629560084
0.0802645394558661	0.00575606564219501	0.00626780144673727	0.00290842273036667	0.0248239193585895
0.0684631914035798	0.00283474701407035	0.0116608185454911	0.00377367697345104	0.0264307400689879
0.0685137575124469	0.00842218403013983	0.00566338910762829	0.0127434131048374	0.0104084473087343
0.119150378060805	0.0110343572766953	0.0173620013125898	0.0120466071519296	0.0332331779216826
0.0593881426232691	0.00814715397664196	0.00374609296445237	0.00663123588575903	0.0104502379664037
0.189308768546149	0.0055869506205647	0.0183766790365332	0.00924133689070077	0.048137925176846
0.07914054969242	0.00572091608110701	0.00662215452739951	0.00585258309442782	0.0220940215884023
0.064831289185322	0.00383322038411113	0.00363156537566788	0.00349638654976567	0.0112123994700365
0.071602193671581	0.00365492167869008	0.00921540326437262	0.00278570225413399	0.0184868315240282
0.0580239714510724	0.0134270247576471	0.00606728101575386	0.0131406659143151	0.0145700204261284
0.0545964279515389	0.00411507070557733	0.00369014365341771	0.00395108283136738	0.00943423353266052
0.0748469474756998	0.00307266115436699	0.0152659992185975	0.00221832751186593	0.0266447740403255
0.0805248009756672	0.00323687773562176	0.0162575351999997	0.00599170897934204	0.0295634207036802
0.0747886963264805	0.00815803005386343	0.00689715172683837	0.0134287538688082	0.0171507057997464
0.126238017072092	0.00353389805895198	0.0114524675268403	0.00305156469986828	0.0389575037883878
0.0621778205646772	0.00471104131385158	0.0106610363547784	0.00219997507155277	0.0220181198963695
0.0656282883781725	0.00851881689419307	0.00373899548818926	0.00865492552389299	0.0105762575831742
0.0758139568622926	0.00998780472619279	0.0108421890789827	0.0150992694114867	0.0244094085373923
0.181919343930011	0.0427317410359047	0.0181081209117528	0.0253038983044666	0.0404559077730906
0.0795514797678794	0.00491329444196771	0.00889515440013914	0.00351957425213544	0.0196040189958451
0.0656530690007021	0.00400504688858072	0.00686392781935766	0.00251424075632407	0.0159639766183481
0.136345834795368	0.00372353656522217	0.019667500735488	0.00383436372403294	0.0462714920166692
0.0876929407305715	0.00716906413981147	0.00387799420050986	0.00921617214100493	0.0166024422427516
0.0611873256046575	0.0055067654175145	0.00420432546786723	0.00855185690314714	0.0141259021403177
0.0545136238922206	0.00262301821736984	0.0072440421205584	0.00220165987078428	0.0123795484171323
0.108574017744735	0.00736951729692511	0.0232214255494714	0.0142564456203437	0.038360429747531
0.0942193092990351	0.00817923626341019	0.00360855419081876	0.00792649219222268	0.0119421195799524
0.116859261198137	0.0168711878159762	0.0180139881511964	0.0182983609760859	0.0355830830512046
0.0609752478122295	0.00267950080701418	0.00731905024235062	0.0033715342490587	0.0150773137619785
0.0603936002616333	0.0112658908912935	0.00385752439849524	0.014698024860461	0.00943433397025073
0.116222525555464	0.00908654473385476	0.00478409483886753	0.013383521905215	0.0172574191637975
0.104975527330139	0.00409157916414337	0.00952974516619145	0.00287468988876487	0.0263421651318891
0.0766527060719834	0.00261474151148438	0.00652661486350302	0.00269462692076795	0.0152849537175581
0.0592203612580628	0.00335136537860448	0.004934048877822	0.00222447700985503	0.0144593281543956
0.146932406021374	0.00757105711045768	0.00466700761084726	0.011529382318158	0.027116456470727
0.0788708842750119	0.003690471502857	0.00814048809641519	0.0024046951993095	0.0197529954888341
0.0580652885561473	0.00550266927112257	0.00361158019131106	0.00345040679688297	0.0107808534242214
0.0899204400307712	0.00350813778961192	0.00847256147493477	0.00295458466172406	0.021199126857645
0.0634885209698823	0.012469932885455	0.00867592039507966	0.0150848952223293	0.0171336110394109
0.197192898248621	0.0279606961631112	0.0473543213983262	0.0215888814702121	0.109586667430482
0.0846595388334926	0.00556922390789564	0.00855379838510681	0.00240010952175587	0.0230028022270225
0.0551081178753851	0.00321042022699695	0.00438428658888156	0.00351552675739322	0.0102499739115071
0.0642653502833986	0.00991679457072891	0.0126662364078504	0.0151059036681889	0.0188406237144102
0.061432388027477	0.0118044184407545	0.00404826848348853	0.0134192905898681	0.0118332588292827
0.0772588391254632	0.00361059087560843	0.0047136289214959	0.00353998560415849	0.0192301973472166
0.0865159446660349	0.00525298602335042	0.00579066155087781	0.00318176875216094	0.019720037456827
0.124008676909328	0.00434403397785353	0.0121939563927073	0.00485533086756931	0.0376947860417636
0.0556328755237726	0.00571602677124424	0.0041213317157365	0.00694949821035381	0.013844210271901
0.122742802464488	0.00467758633266486	0.013735083389054	0.00738207273576722	0.0343591829575847
0.14105603884271	0.00835243202543531	0.025986581592237	0.0203128412678697	0.0532565678951837
0.150889536928071	0.0163203708651641	0.0117967478239257	0.018911743880899	0.0397889179590349
0.087627806784344	0.00266358537487056	0.0121922702391562	0.00452200677636134	0.0228035269761592
0.0556207216725365	0.00472204674315435	0.00445234000311972	0.00786089949073521	0.00941341484261457
0.054439125018443	0.00402059289497318	0.00516788870259635	0.00340846506646907	0.0112316958243876
0.0560266253549309	0.010916869235384	0.00361840220707963	0.0127567106126433	0.0101777873638817
0.0545841856686397	0.0032660047267603	0.00414362618090591	0.00450228049812474	0.00988655188616737
0.134547303533743	0.00262759894224428	0.0135698851854475	0.00571504687627947	0.0345130839420499
0.0549716172159721	0.00512943140280445	0.00527472991390041	0.0101382768725212	0.00944677527334886
0.0791217916405618	0.00492698701467847	0.00964621247290385	0.0121707049130277	0.0196838764214355
0.0647321958552321	0.00531018321069766	0.00362126016243995	0.00760165354843305	0.0116058302618392
0.0642871811642438	0.00259573021453825	0.00664834573904067	0.00336991293950459	0.0136366745133153
0.0761129433719688	0.00258115632459839	0.0105499885464734	0.00439153979340205	0.0251176950999612
0.0567515827230178	0.00321959435579772	0.00509831713805481	0.0059796649052126	0.0136125354139298
0.058731093815097	0.00556772432349859	0.00415341345690855	0.00527876663527051	0.0136551649036957
0.0792565568600199	0.0371511982004472	0.0126585666797491	0.0239867229039428	0.0216499581158042
0.0609904767036748	0.00875112179918926	0.00551013322937673	0.00914934872751976	0.0110961622440686
0.0651056675028441	0.00450372183372766	0.0100221519209955	0.00435714549593841	0.0174684251296478
0.0584902531134149	0.00396616276332121	0.00705771650552643	0.00339949527201668	0.0155533729110972
0.0934675259022274	0.00259777889529363	0.00982631554894962	0.00321135564755576	0.0245177141696149
0.0643736009813513	0.00683239284719621	0.00680768660166433	0.0131077344846318	0.00973728797790497
0.0633038409187071	0.0107687414121545	0.0119452989642025	0.0123146204992078	0.0262062002538422
0.139353468079108	0.0118325394543548	0.0274193491400593	0.026514969079066	0.0444172601526943
0.0548626856159057	0.0223677076463077	0.00999148947817704	0.0140230863089664	0.014152799873243
0.0670900576558853	0.0088791253085844	0.00359084139874581	0.00929731160357105	0.0121883685985482
0.0942443745617819	0.00462358809488799	0.0106408568269533	0.00564415614081505	0.0275932795386929
0.095010029497626	0.0155421399428682	0.00629363929802331	0.0122977718388352	0.0277379818791832
0.0640783370959973	0.00597132997331074	0.00375104510644461	0.00801467045729772	0.00983928954929717
0.108892072570287	0.00381201285173046	0.0204283911179777	0.00382925890099294	0.0329487793066788
0.0754627596315282	0.0060017866758179	0.00378873934088406	0.0107753594937765	0.0100862697239231
0.0781812870957543	0.0186925711571606	0.0107208485789867	0.0176089514796543	0.0169944967594394
0.10500354253821	0.021895099167383	0.0200679635369427	0.0214040363104234	0.0346877364440151
0.0550113566530492	0.00770994108534045	0.00668260193202607	0.0150984707025779	0.00941668005518841
0.128881660399596	0.00545419777596437	0.0237090973804669	0.00988537907667597	0.0521027095332468
0.139913792216923	0.00426021153329511	0.0132304028942028	0.00956391285387927	0.0421926590573554
0.055652149316512	0.0110708972205895	0.00476874592588999	0.00979555169795705	0.0100819277386091
0.0581076637245563	0.00713103952554805	0.00381889906006288	0.0115002758181051	0.0122172974788376
0.191185741193341	0.00899528427343751	0.0144634307423572	0.00642428520151723	0.0451060465606506
0.055566826385395	0.0100068032115384	0.00359831750310654	0.00903515637708459	0.00971699008340103
0.0903003863022839	0.0104006697422061	0.00969469694275917	0.0138166139180373	0.0228017454250099
0.144523408392184	0.0158806354024069	0.025209885623146	0.0181066723177218	0.0530819704681513
0.0550105888087737	0.00744660999682348	0.00363362366673762	0.00874495005443509	0.0114807937527686
0.0636606418734696	0.0162806958237376	0.00771497318786527	0.0163397005986505	0.0154896518902324
0.114815157087786	0.00989310820975058	0.00797452602777804	0.0131974650593188	0.0279897186920274
0.0591675201574797	0.010327877194148	0.00448226181999163	0.0105020651826964	0.0134294343995203
0.0605809300317076	0.00392496834046409	0.00362825161723546	0.00817277032282461	0.0134219988407987
0.065250787626692	0.00653243182800213	0.0042395618781285	0.009545376471649	0.00942056548042212
0.0678119921911792	0.00752474474192394	0.00661814882411699	0.014773751207864	0.0158111405780711
0.148980962587872	0.00868474497302893	0.0184022369514358	0.0126293980977974	0.0385362557094289
0.207734180986697	0.0179696775733225	0.0237416507935128	0.0187054512820019	0.0482920739728242
0.123293181874395	0.00858438445426993	0.0044359100773023	0.0126872994235264	0.0195328221899491
0.0712053923826081	0.00754596026288463	0.00406613096844192	0.0111043015629361	0.0115386139995359
0.0869956095915427	0.00272148772285952	0.0125015054034659	0.0027597862654546	0.0296505034155922
0.0555914139390922	0.0166745017216013	0.00408345752747126	0.0152968716071937	0.0104611677799324
0.056378057789833	0.0227788473117526	0.00494151543597476	0.017974119361085	0.0100915345094511
0.109014921555099	0.00371398271321542	0.0141338007898421	0.00498399246198788	0.0295698656450241
0.115179292761919	0.00687070582249316	0.0136683081339123	0.0102930518812256	0.0325555527513279
0.0581347497266178	0.0245611539925707	0.00601489362843721	0.017096418927274	0.0118767087708575
0.0547163435083345	0.00979545103400257	0.00361353537787051	0.00604425418842384	0.00951863675588581
0.0656477194929286	0.00408426313481983	0.00449157514982507	0.00539498576673224	0.014367504500391
0.0915580217699158	0.0039931875366939	0.00776020827141404	0.0111764324350135	0.0209768139642666
0.079919646134928	0.0122161261566661	0.0074924901262483	0.0129999879377882	0.0222834712351202
0.0860443354470822	0.00261827483907183	0.00801068109428572	0.00276753959585356	0.0260311388971957
0.0824913304524235	0.00306627874901293	0.00741249145985105	0.00219750469342067	0.0195708174727396
0.0774264651806509	0.0135159618276276	0.0050349118987704	0.0148798673659218	0.0130076878881436
0.0544655449304919	0.00674845195887355	0.00373172445876878	0.00821118907086799	0.00958668146615017
0.0584698151187385	0.00275545994747573	0.00454317183399051	0.00234611743250215	0.0123676718019043
0.0581548684042072	0.00410126952789785	0.00477919411822296	0.00822554730744943	0.0136002412424278
0.0562435421011381	0.00686111531891207	0.00381940203954396	0.00834706684533693	0.00964711519309628
0.0666762696283046	0.00344860225584688	0.00386290081789232	0.00585360720640065	0.0160254982405531
0.0630378587398017	0.00382002843688852	0.0055335828308972	0.00615224280895221	0.0113003839683004
0.065798093263769	0.00924418203242146	0.00372768448077423	0.00792153076748311	0.0149635642969787
0.0772914277771767	0.00520997872667116	0.00380402753337807	0.00611652223895714	0.0154406872770642
0.101903218271204	0.013582817145665	0.00490033025766338	0.0147163034312358	0.022652356975361
0.0698086007900172	0.00272136790349166	0.00582469492397647	0.00232614403328271	0.00974249424375839
0.0641641923774165	0.00811126931298471	0.00364954448211348	0.00949222875386956	0.00980259270985583
0.0619295349808136	0.00794307822193031	0.00557121303458109	0.00935313339671915	0.0111853368356707
0.055188754084883	0.0053690226305626	0.00663438001707085	0.00394139934389501	0.0130584941152625
0.0889418685416603	0.00353558135547247	0.0142324583759907	0.00242899643234744	0.0308081890946082
0.0594299621130012	0.005982376898491	0.00501222943109238	0.00945562104741004	0.0102649418623163
0.0962015580304442	0.00277236659292655	0.0125695080691001	0.00338986202530204	0.0322990987816794
0.0640672565581474	0.0043620741031014	0.00665093067185694	0.00324906269898277	0.0153038901189869
0.0636821061462115	0.00257452691045064	0.00734331611868577	0.00306576354222372	0.0141611468960552
0.0584011568193481	0.00310773284031808	0.00688203572931687	0.00235424344427546	0.0125715849924904
0.0563677034339448	0.00752819485712619	0.00414152455889803	0.0118510597638984	0.00983361348023805
0.105512699812925	0.00611912122244702	0.0110501243897691	0.00663412550376123	0.0289298145741187
0.0597070470385695	0.00740362647554893	0.00361050139787065	0.0094406579437097	0.0097919918099312
0.0544620220333621	0.0186393758949365	0.00519422162973426	0.015853343235699	0.00977736357787314
0.0715648965318032	0.007517391013191	0.00477092194768562	0.00355649153060413	0.0105564823148066
0.0654148230877817	0.0149542737858045	0.00478318393936601	0.0145269737166927	0.0103950524453102
0.0555169308013137	0.00474604930309618	0.00632119625088813	0.0078538755951538	0.0128040714336686
0.244022028965446	0.0524442311404567	0.0450582064487142	0.0522043539785055	0.0843199057556537
0.0656592234770954	0.00262528730065362	0.00603787838870253	0.00226306882881641	0.0142975122550704
0.0544830690502954	0.00560629126212485	0.00359416158484059	0.0110693731838439	0.0120367498874245
0.0864998624585457	0.00372275598752103	0.00359233366441948	0.00569250123459638	0.0170554524382964
0.0651781577731089	0.0147346141066776	0.0138580252827778	0.0141506733459909	0.0239075203677017
0.0979669724777882	0.00712463835616409	0.0257961013719549	0.0183487821147566	0.0394153282012216
0.0827815594697284	0.0136872055261161	0.006862548273082	0.0141694653088785	0.0153121518698773
0.0557847636483098	0.0120632608125818	0.00516674852114953	0.0114710727272945	0.010207084138472
0.0820587971668856	0.00475455974877258	0.00860326383383745	0.00360167719159931	0.0262857355097461
0.104997977242696	0.00562407455008644	0.0184817150703684	0.00700576817918893	0.0319171958545951
0.0870990556264089	0.0033092054781831	0.00620528104312288	0.00233873397995822	0.0230982774955514
0.0557923520039116	0.00349396200775074	0.00505126269182688	0.00260377937137213	0.00941462574671188
0.0570168234764498	0.022005972806607	0.00683857531731795	0.0157467018402347	0.00941294813637641
0.096837909776964	0.00340735905164921	0.00814761872015748	0.00314193268045896	0.0310514407386366
0.124541765909152	0.00278846203182031	0.00814599100931874	0.00226284051225961	0.0297357069959205
0.0634289110386266	0.0160048069315585	0.00416299067762319	0.0138278888241925	0.0112300249698226
0.0564206356737708	0.00335736045747013	0.0036196726953448	0.00776104614757423	0.0133883498100174
0.127209656186104	0.00773955476989649	0.0179713567191403	0.0119027219578784	0.0402322285666238
0.10438799048172	0.0071426517506764	0.0122407910471824	0.00652956313356885	0.0270058210374562
0.0563790925601045	0.0156494058524266	0.00515027950649385	0.0137970763329635	0.00964682152724319
0.0929773259577017	0.00344000121204538	0.00905647779455124	0.00378785292384853	0.0250148025362203
0.0966797739392932	0.00694811657644335	0.0180249372617119	0.0112645677524153	0.0351741997708801
0.0718575386153982	0.00482272039681589	0.00533332171678712	0.00886475430473617	0.00962420377880081
0.0695473304943874	0.0061980026380818	0.00526390111909992	0.0122681126519819	0.0151040292955462
0.094268799186284	0.00277042958868075	0.0064538406968108	0.00456679292602431	0.0239532138998534
0.0559183194709185	0.00543518667250293	0.00578420635919617	0.00227399165965692	0.0131910958853263
0.0621954368507462	0.0152367680822216	0.003858251395113	0.0118088345992277	0.0100750200787082
0.105344680726303	0.00260377040242751	0.00454512958752225	0.00360054406445558	0.0199886493583605
0.0590239532904461	0.00257678304929218	0.00512192461126746	0.00437020893670826	0.0131033609833211
0.077806332142851	0.00860674501323944	0.00375445185592053	0.00888300710182259	0.0162460613958552
0.310288593003436	0.0163224868706357	0.0552159809978615	0.0326249552474054	0.165210119365191
0.152498133607382	0.0134659715641376	0.0117924054281371	0.0109563790464676	0.0438405932518625
0.120728464529186	0.00719654667165513	0.0149908509084316	0.0110367130944993	0.0419849834118209
0.0661318253732628	0.0059873084999784	0.00362823295184445	0.00926793951966031	0.0137395670693031
0.0578718350524817	0.00313334953547292	0.00662777287278863	0.00704812217361728	0.00946630125630034
0.0658078330904594	0.0052674117847844	0.0036283694628519	0.00844434763085846	0.0149113951573931
0.0572465689742316	0.012237822532987	0.00402716796537521	0.0119457671945227	0.00979176122895638
0.0710971209751662	0.012714108967623	0.00664357205858206	0.0112298686991985	0.0173785238240241
0.0797199836177248	0.0194575884034311	0.0143562384510829	0.0210225135017274	0.0251506591729898
0.0552240629578927	0.00280002586587661	0.00471697792248203	0.00230455746475946	0.0140567401057037
0.0566918251020966	0.0083819127521047	0.0037922450718	0.0113960602802681	0.0130000610455279
0.0899374142642047	0.00391905590226216	0.00648093119331572	0.00315106708366966	0.0243814571502335
0.0713609680740605	0.0135496420463039	0.00654206064639404	0.0133318402476163	0.0142381290445179
0.0555995126534566	0.00663433024550507	0.00402439757057045	0.00578133697882459	0.0154053632175176
0.108822708165162	0.00383339094762055	0.0114183029968868	0.00932561384192094	0.0315152723461033
0.0552730398135192	0.0130451217217174	0.00584114435082901	0.0111333472950096	0.00982988568035635
0.0544629825733802	0.00444403800456339	0.00363589670089881	0.0107173515131707	0.0115712167747997
0.0586797379016694	0.00440737351003114	0.00366600682841812	0.00660805240640829	0.0103649363817226
0.0601944211200407	0.00269189775751828	0.0082050307464467	0.00351092370473078	0.0158798986320728
0.0544991674072618	0.00282096915521831	0.00542778391510779	0.00459234218901931	0.0133769258236213
0.0553489440323818	0.00352026662094312	0.00395105635947239	0.00351115418577307	0.00989620775206488
0.112255048394679	0.00829284120303239	0.0155931228724654	0.0114103310891457	0.0387109293196889
0.0635698000587318	0.00354599333048641	0.0036620866306261	0.00427699071186211	0.0118000668593798
0.300674435030385	0.0435203476305139	0.0185381663296504	0.028555319547792	0.0636904522608718
0.0636030839236643	0.0244957397576678	0.00806247505514477	0.0192110889240696	0.00976888357979952
0.137843761386328	0.00917231080908742	0.00423902904184342	0.0103148872072931	0.0173590384925087
0.110660018258636	0.00521732605989314	0.0210727691429524	0.00539941947802858	0.039641549234944
0.216824679397162	0.0113175850710133	0.0228863380224021	0.0189200476345781	0.0664455824283747
0.0570676461497009	0.00528051191203968	0.00362816765802012	0.00802801286668418	0.0108391368345074
0.0861897054271204	0.00708158544669387	0.00378117880848011	0.00832983573462208	0.0100026271873885
0.0550004478691779	0.00452222578470959	0.00906000316665168	0.00354421464179209	0.0160494485821515
0.118326998104766	0.0111480769220488	0.00484131886294459	0.0143728002801659	0.0226326632170853
0.0857885045495892	0.00288928391151342	0.00639921824393554	0.00225091191953458	0.0244239479485734
0.0673731848362995	0.00440441320335388	0.00987461722325673	0.00299434554513217	0.0189166164587979
0.0775994188175042	0.00355443681861641	0.00448987464793373	0.00542256435104672	0.01625352876047
0.101984069017646	0.00475549610017173	0.0120002659370761	0.00335513121967392	0.0253321332761781
0.162600611946715	0.0231593990367456	0.0277636296276386	0.0283344081891522	0.0544779622344418
0.065324713721437	0.00300043619480455	0.00366242558132956	0.00386711638937167	0.0133933138437222
0.0696541335429648	0.00278743365309673	0.015914919696404	0.00608337210523131	0.0213362743086062
0.065721833653214	0.00423929537804975	0.00750935208970208	0.00361425896989639	0.0190045613061564
0.0949807201866411	0.0106104527404058	0.0133239768856802	0.0181615008919203	0.0276042999729382
0.0615735175122583	0.00259565012465761	0.00608271441805632	0.00220739862188912	0.0122774354772931
0.0792302165172871	0.00529483427092673	0.00371902601322268	0.00833402520773396	0.0135192416478528
0.0562818333024522	0.0158040511972426	0.00382885312261289	0.0149394048290022	0.00976294345961084
0.11717582398561	0.0123006637334567	0.0169431860915939	0.0150181853687989	0.0402249344502609
0.138158235886797	0.00314002587324096	0.0127460163870131	0.00616109379812403	0.0454796017581503
0.195038930875582	0.022385036136324	0.00993245248456442	0.018456119619872	0.0388380177211091
0.0622416755264046	0.00379150623334505	0.00456260953183825	0.00303462293193414	0.0112875653378564
0.202578602413013	0.00963853498296951	0.0260499725965092	0.013155610766439	0.070370564435696
0.0545347661941006	0.00258509195002799	0.00364746955854289	0.00514489467390371	0.00942065656675306
0.0754992541046511	0.0151596328091589	0.0121970255862474	0.0153189917301045	0.0236327032383451
0.114951069197025	0.00430438078961409	0.0165855055234344	0.00444229636060883	0.0402989774379734
0.07648188168304	0.00932073374962646	0.00829878390345317	0.011793356379853	0.0201188845349426
0.0988051889929445	0.00273246882832963	0.00362065027209256	0.00618157567834028	0.0120922458894554
0.0576707279327461	0.0115597018699842	0.0098727075289606	0.0134260781826491	0.0146092151886992
0.0550478308285014	0.00516487924341778	0.00427142561726738	0.0083641080719722	0.00957715006080027
0.157619326850493	0.0138790259322331	0.0122417572185831	0.0177559204505044	0.0367299606064838
0.0762065290480944	0.00415162745269338	0.00911184704145759	0.00236849856346173	0.0238925144317865
0.0607469689460455	0.00346023617425197	0.00525795384475037	0.00459106368853637	0.0143236743517323
