-2.87513043608342	0.0485857409050254
-7.05326747411912	0.082386872747704
4.95383598310561	0.0650645763064727
0.970366917256395	0.0470516566566437
-3.364960436958	0.0491650834705834
0.892546314942542	0.0474374271239844
-2.59588081502242	0.0467911686661716
-0.310392108475717	0.045024095094623
-2.32442730637443	0.0465890146554891
1.90596615524737	0.0476793415493542
-1.18948295837236	0.0447947861250339
-2.65145796196412	0.0482151651822071
0.32536632063097	0.046139505113008
-4.04610510870258	0.0534107291348392
1.24859518960619	0.0470642418413101
0.591410688776005	0.0498933448495404
4.54157046017287	0.061244119212754
0.571679346920208	0.0488068650855864
1.88382339828272	0.0472723053084086
-7.87925835030862	0.0985260128040844
-1.80567589344249	0.0484060747167771
-1.49750876614652	0.0450276809326854
-10.5961526867511	0.231156412596479
-3.14411650259099	0.0488485669788419
2.81006473457585	0.0515194270663224
-5.14543655204113	0.0606583025887314
0.759122549064665	0.0462327805399616
-0.341436549274017	0.04541821004435
-2.90598192285856	0.0475665557495037
-1.78185535005395	0.0509041326439115
3.86537087425867	0.0587766217081322
1.93795029539296	0.0471857592586613
-7.03930300148327	0.0805762156835557
-5.76021698845483	0.0660035768637669
-2.50078822470619	0.0475351101493991
-2.90702679593628	0.0481946893586246
3.95414844502793	0.0560568010618572
3.45844726587076	0.0544198176989438
1.72962030527956	0.0470645676673435
-2.61305508665599	0.0479612614550347
2.94536508707345	0.0499525206615415
-6.75594980028874	0.0767898407144299
-2.91975741916806	0.0475017713573073
-7.85782949595437	0.0972954598464858
2.25574697414767	0.0488913578236142
-4.62144310532861	0.057224592330497
-1.70988586804975	0.0448472996800859
4.50959654160109	0.0616555667687089
9.26359763899001	0.172779341314043
-2.30392301778576	0.046346288474945
-0.376557036108012	0.0450927013836688
1.70211548797233	0.0486862270046743
-0.255806302411297	0.0467669215927393
4.00204987756547	0.0584020636956968
5.52486116438694	0.081224633736167
-0.48426002621716	0.0475190100936519
3.26945426789471	0.0555812818250871
-1.47681618790029	0.0443007418799283
-1.80469296075375	0.0463907211126591
-1.71411233160119	0.0452470935031153
-6.09867432851363	0.0696497829938905
-3.31320965436657	0.0498185469992098
-2.94263536371222	0.0519749185405169
1.57644725520125	0.0472482500280721
-5.60265560686755	0.0652279990015982
0.687173240158451	0.0461722431859841
-3.14080876086114	0.0481166272572716
-6.07784955340395	0.0697937050885607
0.869697398217926	0.0463067428174283
-0.488853834895384	0.045140250175446
1.35103250924983	0.0470825329360791
-1.69610109190376	0.0452025616416273
-1.94405045505901	0.0468361356026102
-2.88513216298219	0.0484515002100502
-7.7949193755881	0.0956794698112672
4.69060685787653	0.0754328358007379
-0.548682490940293	0.0450266675414008
-2.18269516610422	0.0468156380775166
-2.24552115004815	0.046103275846721
2.3104264686578	0.0475008509784035
-1.02141799751342	0.0477648579714047
-0.266596739528927	0.0447998897065072
-0.212750344157435	0.0451168148262267
5.16495120134483	0.0694027783967895
4.66201587014935	0.0634450297411532
3.42710738389928	0.0537634575200352
3.06166799205372	0.0509500643268041
4.39230396866249	0.0596319107543243
0.69460684345446	0.048022429860517
-4.63828720193375	0.0583552951731246
2.45555180068725	0.0501198325560846
-6.5803983947867	0.0751862363682111
1.24448667922203	0.0522222659577541
-9.25499576330492	0.147030983295088
-3.40327867429019	0.0515046350367454
3.15608372196668	0.0523573493239438
-3.01593655464172	0.0477661514590839
-6.87810243463036	0.0796665884391796
-5.03665929082707	0.0598377380098173
1.91398133497641	0.0475496329988017
3.00391630107452	0.0503163798541333
-1.59040741234026	0.0446189724920987
-3.59204291406448	0.0506462118177105
-6.50833690775768	0.0751469329636929
-1.63661791117962	0.0447579401495832
-3.66475262115427	0.0515846017531663
3.54909361376245	0.0533397415147533
-3.6146209113015	0.0508042199853875
0.209201762369449	0.0451069094425017
1.00816292170905	0.0474762884160359
0.887063240868376	0.0490689968845907
3.86100353509786	0.063430141013564
-5.45491915538991	0.0643719405453853
-5.78794468536899	0.0661210945444566
1.62738049948747	0.0533777807196817
-4.12131396768701	0.0542393244076829
-4.08401323529843	0.0540732877210861
-1.42728248894004	0.0482312627629134
0.776587771199899	0.0510245154219938
-0.157048472420373	0.0450082350827817
3.34819376917159	0.0529989633054545
-4.13201152841643	0.0540500635094374
5.13767870501776	0.0757220864453688
0.477744349817295	0.0489825261340078
0.860375130527748	0.0483786034500284
2.85392324500317	0.0504162015272957
-1.35001978706226	0.0476183340304867
-1.25542904757455	0.0444458627337157
0.352707558768651	0.0452632437182246
2.15605651707218	0.0472359396011309
-4.41503481335866	0.055624301133099
-9.19131293251645	0.14023109403526
-0.616654734560634	0.045544802197534
-2.12918606772026	0.0490895876929573
-3.65648738648639	0.05590153516838
-4.57306256398	0.0565999726458497
-0.237827663000194	0.0462817687393895
2.46789070083665	0.0493569100545179
1.95905054507647	0.0473030439409598
-5.36614473244013	0.0647484318437964
3.98321916620491	0.0568324552315252
-0.947775489479431	0.0446689666614554
2.47822616900563	0.0512582743802705
1.2152844987831	0.0473611769478861
-7.80586609789552	0.0966781306173369
-2.99422365741109	0.0477701247521713
3.66563750536062	0.0541457928138811
-4.27514578506603	0.0605698643872387
-5.4286935439861	0.063795459382467
-1.60515284031989	0.0445603675481731
-2.15301612167247	0.0462752443441712
3.72893235809992	0.0559116283027716
1.19371091372493	0.0475545040304864
-2.32828814822291	0.0462711750435628
-2.60921574053699	0.0471180664123422
1.66503306342517	0.0479600468899411
0.375874255688199	0.0464114205246561
2.56444590550835	0.0520782496189229
-1.33003231385824	0.0442778395601989
3.79950289152637	0.056139313883595
1.30271681928548	0.0470250440038525
-2.711245048989	0.049187148280549
2.62320660513427	0.0485668026428519
-1.75185580590578	0.0482468994371296
-1.98172993389684	0.0463478797961612
-3.81737109521209	0.0524939292971325
0.724498143679075	0.0461689755150759
-3.68373049404061	0.0567520222044929
-0.704041886253266	0.0456354571975406
5.39977957971048	0.0719293167930433
-4.98980303221134	0.0609344944231971
-3.77950830325674	0.0516668107465035
-6.21139312167162	0.0720758383507394
-0.220843615864874	0.0453049891503155
5.32830191221366	0.0693398448910319
0.399912095242631	0.0454935447863878
-6.77643933050031	0.0774889510389429
1.22837391747767	0.046668490941444
-2.89516767199633	0.0477028691154818
-1.68117259976059	0.0448103258847826
-1.85226380147681	0.0456116688020906
-1.34322463799831	0.0446670953471226
-1.31377270788059	0.0498741634396384
-0.68714830360807	0.0451490587862669
-5.1213523092038	0.0603357332789333
2.09330554661581	0.047833763757792
-3.20886222510527	0.0483193634851688
5.26184666618599	0.093487021300706
3.10440294784283	0.0537319140893782
-0.605909588546173	0.04930955916163
2.55753060119038	0.0491662603310924
-2.67053758374735	0.0474327506325631
-3.59793317877625	0.0507065590800655
-8.61923046152869	0.123264471435145
-2.72427216681246	0.0486579961053334
-1.6819107938311	0.046817544776405
-2.55844062892899	0.0499301480201112
-3.31236443293671	0.0543292843222794
-0.504361687470616	0.0450652543484583
-3.88535048966239	0.0535512821643272
-2.2341573149268	0.0460955393971029
2.9604859607306	0.0501583774957814
5.81298423946195	0.0771128091726919
3.52345670097207	0.0539054890338158
-3.77231963098655	0.0516326547222618
-4.22225121938431	0.0548884249722858
1.81396605984147	0.0500716004419289
-0.263452687809902	0.0447354846499994
-0.794852687495748	0.0459046835870988
3.46914757218175	0.0550591489481864
8.14313554903628	0.126070530027936
-0.3327917429364	0.055177941425684
-0.360192756320164	0.0455561226559359
-1.18552939799387	0.044702143556503
1.18737859826424	0.0466616502346564
5.31031525726941	0.0786479316896906
3.48043924618459	0.053465788209349
4.33280751957179	0.0588353358056182
0.225319207811079	0.0453111339881004
-1.27922446814632	0.0448332363091881
-4.24867520032273	0.0546500625649091
-1.26991103785231	0.0445545597651189
-3.33134811143327	0.0497443007049285
2.02406531854247	0.0487188800255863
-0.984578950768972	0.044799076128316
1.95997166519284	0.049267687687695
5.27775099872946	0.0706988835479101
4.77413148674349	0.0652379166047464
-0.52842018921391	0.0457020819981265
5.99342615428325	0.118242533858465
2.4361996108201	0.0485707073780909
-3.26532178022498	0.0486160722532726
-1.19426086228804	0.045106860421973
-0.998532846424858	0.0448814256896372
0.985836314854212	0.0464834666200236
3.84244795486852	0.056980555588853
-3.05247021432257	0.0484235687846952
-3.58002506174378	0.0503863509946237
-1.94747777901004	0.0459327289854006
-13.8708910505599	0.952673321987049
-4.70149960615629	0.0602447412999357
3.5464764487848	0.053543747631679
-1.01731841853488	0.0447616128470451
-2.78910998622483	0.0496588443286668
-7.62474968878569	0.0922792127998876
-1.37746776569659	0.0462384114219395
-5.76452470624013	0.06888311289989
-5.17477660496597	0.060705572303882
0.319655308260668	0.0458402626226863
-0.960852063959952	0.0466389973417889
-3.79079723250976	0.0560641652560043
-1.11232724308563	0.0556590127164303
7.4018014696282	0.10223755202125
4.29098737333846	0.0586351293028019
-0.0195808042290069	0.0450750730502764
-3.41404241217241	0.0495757971146839
-0.900933631610963	0.0447368908557899
-0.618243050336939	0.0486541941696646
-3.53036323565359	0.0501348198748542
-7.082974125824	0.0868738190442644
1.91864548655111	0.0480653542189141
-3.01389277965064	0.0479916025011037
0.768520529961329	0.0527389936391871
-2.94848657059428	0.0478826436931519
-4.35982691589926	0.0555408609830742
-5.62039472077208	0.0653608331356022
7.4340936034587	0.106527089126483
-6.60976003019986	0.0747814955291135
1.15720385022439	0.0513801613725221
-2.68742753274051	0.0481707414706278
-4.45571082557443	0.0557823765698183
-3.71516670902378	0.0512665247166532
-7.22590401620658	0.0838904995228458
-1.95418754898368	0.0495021971909312
-2.29274369179632	0.0467396052193216
2.7871455036463	0.0564292944576376
-3.78527249224517	0.0534360943882022
-5.7737373256473	0.066195171698811
4.55002704444868	0.0612270743370825
-5.63498599379297	0.065574663859308
-0.809561245487864	0.045785835888313
0.158175235651353	0.046970042457051
2.2867505207909	0.0482672194524765
-1.25147292987378	0.0448530587849885
2.57962916564799	0.0494883866075233
-3.68174781981273	0.0540480856341525
2.99160408485434	0.051152680881942
-1.15999147102855	0.0459620559076193
0.0682072788581756	0.0451158187359255
-7.43419906765112	0.0920661607398914
-1.33915697427909	0.044313716567454
-7.10052787371252	0.0850325302970547
-0.904263716108783	0.0453924398346999
1.38295468769296	0.0468758679374005
-1.86641093304486	0.0488956198185413
-9.72891443047627	0.167980125696434
-1.67441431424968	0.0557204536407042
-1.72978193640344	0.0450337167970624
-1.94314834640726	0.0457435321425104
4.71229619938516	0.0776939185086718
-7.45267057075516	0.0879597361926555
3.24263220484638	0.054878231306844
1.04083907007076	0.0480640497711328
2.51203276163676	0.0538254364091534
-1.83876061371532	0.0452774184605044
-1.10114060192598	0.0454284373300049
10.6140437481076	0.242726029682836
-5.66291589545892	0.0654498460425
-4.70587287561296	0.0572515224611899
0.893755098550838	0.0490114875858374
-5.16180618742554	0.0608635050031564
-2.87200429878405	0.0475800562628488
-5.19971545482225	0.0612489107234838
-1.99213711434459	0.0457365187650301
-7.02451069625781	0.0800368997112567
-8.06562070529142	0.103719675497375
-4.37945967361654	0.0614997056193928
-1.92981572992049	0.0455996556443518
-1.98961252624483	0.0477615165835135
-2.42448917349064	0.0463988446686068
-1.41185099376039	0.0446343032503985
-3.06001755778758	0.0496277601493265
-5.19054482019872	0.0632788725816027
0.451849930449263	0.0459591745910861
-1.17315241221463	0.0443346848363543
-4.77571005315713	0.0578724114560467
3.51948500574738	0.0539304752357711
-1.76229512704749	0.0492334227555392
1.09505728048472	0.0479544875955758
0.687736902702409	0.048691759314924
-0.239901924502441	0.0447833742458838
1.44342568383022	0.0467619978254966
5.38650578402462	0.0952695595416222
-0.475083052145424	0.0455923930638611
-1.20443569122693	0.045080307232616
-4.24441007873415	0.0552213273123951
-1.94817429794388	0.0478504883281401
2.27528137803186	0.0473702220731786
0.0162256013619998	0.0448401769806715
5.32308471036059	0.0703580337372931
-3.73085235455591	0.0515230786562152
-1.74082847322547	0.0458610912409149
6.88759200349255	0.0917953164413133
0.484598446842107	0.0492809603716457
1.02924969638535	0.0479711983405797
1.86281940272283	0.0472832620471299
4.36313948419328	0.060775188486518
-0.436861443839872	0.0452068095488632
0.00637594837317784	0.0449862303828606
-0.96593189858451	0.0466551362350496
1.92057643543845	0.0479989381824512
2.44861390944907	0.0555406782558337
-7.73559568040068	0.0949281408864946
2.93203843140864	0.0564023981667448
-2.00692958325995	0.0455784244585474
-4.92126059962716	0.0598379794968346
0.136677319829058	0.0455920236037013
-1.93977610379712	0.0466385923747534
-2.83536755095245	0.0479828601544399
-0.714123446029702	0.0455601472210048
2.73396989131702	0.0520577435007255
0.202430649267263	0.0456256096080492
-3.21942983440822	0.0493130004044775
2.87203278251537	0.0498585319424533
-5.45166850438275	0.063034478034883
-7.77901377432464	0.0954639706934744
2.02869720643794	0.0489293383793079
6.85920295230692	0.0909048226192037
4.0224424069421	0.0563015396469341
1.73641644316673	0.0519516048620118
-2.75406952087253	0.0474620195896014
2.77333544765997	0.0494638130745094
-8.90165435646795	0.131468778729854
0.0664178612502611	0.0463142056995929
-4.64824967510525	0.0568933112939053
0.361634903310451	0.0474957959927548
3.74177659593659	0.0556610400039283
-4.95259161203405	0.0599708541654058
1.57484112218423	0.0504253148998524
4.84741171235794	0.0656028129536424
-0.43816055648949	0.04529262523953
1.08836517347639	0.0499296914194591
-3.03094378165228	0.0515865875767821
2.67053564611105	0.0506654003092948
-1.345196087804	0.0457606719044043
-0.527742291423748	0.0449376061000695
-7.03651738587912	0.0815808223380549
3.33159372493179	0.0532611182909963
3.6657080066309	0.0549214850448528
2.06522070024549	0.0521254664031879
-1.72472800039966	0.0475120099248716
1.69687880935836	0.0475907314085717
-4.69033528299239	0.0572452162557486
-4.02073349075681	0.0541532444028936
-0.139346047887655	0.0534923903318856
-4.43165707113296	0.0568686058403351
-0.389785276999765	0.0448698480309206
-2.90471573536727	0.047608078942534
-1.08472028861167	0.0479091907346535
0.219944448177392	0.0470308650996499
-2.02742022712953	0.0465653670966518
1.72429039229862	0.0469148898405438
1.65194810210213	0.0476249681624859
0.185995936138767	0.0451731568452784
-1.00630007328905	0.0474003507227399
-1.48589486278163	0.0479586052602904
0.764204609565222	0.0462235386670378
-2.52318249635974	0.047111826702803
-7.53537113193575	0.090684625108175
-0.464127983586926	0.045385731507331
-3.19266369275879	0.0490940233044785
0.831262674977141	0.0496677400759109
-3.72348355122227	0.0518111101435029
1.41797125937251	0.0485554521909729
-0.0169695285701458	0.0472379875394075
-2.36103929660111	0.0469050028484678
-4.78218910330263	0.0576191221644109
-8.63333598740955	0.121895886759359
-7.11829976445065	0.0864169819933833
0.573059022158463	0.0481968098763988
-3.25754120006625	0.0487529436198347
-2.27482510732251	0.0476405958207381
-3.4704096360955	0.0520808811075365
1.46805717444985	0.0500908218124542
-4.90180089301626	0.060065142384614
-0.805940948525939	0.0450699861164758
-2.71096213103382	0.0472203176657773
-4.79751344846744	0.057876078612457
3.14693884850168	0.0636060547831872
-7.05740258750187	0.0825510958726814
-5.3403003127985	0.0629207569606315
-2.36936466162714	0.0470030885884324
2.28518856222767	0.0503769079694254
3.59973542711363	0.054861184697077
3.99655434755099	0.0566099517967018
0.980720718959258	0.0472985201239973
-0.0914665803562428	0.0496004647398162
-5.66579181393542	0.068680048444878
1.73776989633359	0.0475966098144064
-4.10378863445214	0.0537305338330384
2.3717167047734	0.0486033486878609
0.311570538188543	0.0468933446074558
-4.95108416965721	0.0596517282186157
-2.09298468531189	0.0465287156837585
-7.47194754775705	0.0884675756249413
-5.86725993248755	0.0686785416711401
4.27539773541634	0.0757662420130771
-4.53476185563728	0.057685762501632
-0.865106179106062	0.0448630937711564
-5.52432177697769	0.0678488759355086
1.60489897105621	0.0508568340412316
2.39071141051321	0.0480595298708687
-6.30963065773263	0.0716519363255496
7.86409769082327	0.120995758273807
7.48141881887421	0.104686444176105
-6.38445088513213	0.0736871221349505
5.36894112777374	0.0702708505172964
3.79140636521386	0.0583036752705811
-0.0837282188094465	0.045078862754963
-7.54626997311919	0.0897337613903264
-1.63921001926521	0.04498252171215
1.60292486733144	0.0483669678875858
8.24511033177702	0.129624872295203
-5.70067384596898	0.0730657345297961
-5.07545871607729	0.0597189981868389
-1.65657258957549	0.0473560784664779
-1.82556026656666	0.0459336332188711
2.73849283128852	0.0519820401595554
0.794923616019477	0.0471725642300324
-0.214476365581766	0.045631267333486
1.9100008634847	0.0508993644356528
-1.55182070858464	0.0520010484590963
3.80554957580228	0.05513349757911
-4.34918118146121	0.056072660514813
-5.99518165463641	0.0720657734213014
-0.780751795000478	0.0452137650885993
-0.983356669521566	0.0446058829959569
-2.81786159248261	0.0475427668659688
5.79944212898268	0.0755549754795169
1.57445148918191	0.0630945322619839
-1.96261727603654	0.0470638775273235
-0.42938869898932	0.0471489909120565
2.66208088354865	0.0632248230463739
-6.49984626394914	0.0758621956589435
1.1683654579971	0.0510386597845048
-3.05065063767379	0.0479139367457072
2.2345573409212	0.0535994533166789
-2.27923371468643	0.0467727542383419
1.22983473411095	0.0468360154852655
2.928596597887	0.0497944998855097
-1.03719694185508	0.0448382540638091
0.355591056849356	0.0454961890002464
-7.26863071297078	0.0851485961801267
-1.35445135561118	0.04476671461465
-4.56079921653777	0.080813920595956
11.7002560256682	0.314409698146771
-3.31448111920814	0.0490344676609036
4.1167920434864	0.0571121990894779
-1.82711901182458	0.0455515428634541
6.1513730778996	0.0809464988553751
12.6080615819866	0.377294614131931
-1.89211192445668	0.0476896321677783
3.18375466678542	0.0521405206597164
-5.7134334572052	0.0653957110344993
-6.3439045921282	0.0732323088612747
2.46635502362855	0.0562254675650187
4.03431771549351	0.056544694886635
-2.54111986678171	0.0530345575928774
-3.41117277772928	0.0551557654305718
-1.70233778080663	0.0455780768511208
6.21019442196867	0.0835885447528375
-1.28644729094182	0.0470994792448594
-3.39675721530452	0.0492658081524161
0.207566607818545	0.0466855553786518
-1.25445599722066	0.046498499704189
0.673039383295269	0.049345145624178
1.20298050113801	0.0478622253923133
-5.09251059877164	0.0601881689953326
-5.16455037663882	0.0603558602210129
-1.15742469368144	0.0474377965192543
-1.76604882217334	0.0455172627258321
-7.06354788152739	0.0806588233266413
-0.221169271347527	0.0448417654195098
3.94946509334813	0.0595900501345197
0.393586077494726	0.0505356706126782
0.70317065130101	0.0481491833837615
-3.31118777730952	0.0488418622370367
-1.00672199447649	0.0510983032574977
-2.16175994584407	0.0485486855466059
-1.91325525934792	0.0463973532462387
-0.0550887418891317	0.0458547391282503
-7.95349074473692	0.100616227765777
-3.52223574596746	0.0507159921880613
-0.815825789669309	0.0451136399923117
-1.1106540116493	0.0446741940733472
-0.903571230295353	0.0450994503832416
3.05461557809126	0.0551738154337601
-5.09410801985489	0.0599356358024193
7.72418970276293	0.110586901296625
0.341104780806215	0.0465347240731234
1.37558650863785	0.0475381413182138
2.76383698710745	0.0498309595148042
4.7030018750615	0.0650360345847293
0.969278413507938	0.0465103980345455
-5.96925472815062	0.0685526200192988
7.94154664938473	0.125939127173274
1.6402751686153	0.0607932851511941
-1.36269300789859	0.0443274838384869
8.17508146758649	0.127541953495506
-1.52279639552858	0.0478569498184872
-5.06631291146762	0.0602366756452802
-0.752644160401897	0.0456420456439294
6.32310432657195	0.0883401702300987
-7.73342231453788	0.0940198430773564
0.160618296951029	0.0471074845537345
2.74648664986983	0.0487789368587283
5.02761671606676	0.0663507426207544
2.63484395132972	0.0523416525602317
-2.00696631249131	0.0458300402071558
-0.721705016860036	0.0478087832694788
-2.60396658760932	0.0468093767782468
2.50900740364887	0.0487537832969026
0.260450123804986	0.0575574994759481
1.08887723802759	0.0611487291391948
-1.42551295554853	0.0442807299574521
-4.03560899605898	0.0537129944571067
2.70333504257713	0.0507690438782275
-5.07558568257379	0.0597014875087651
4.6086171575653	0.0620667061050921
-0.576141290928881	0.0452247340774949
-1.31754751150206	0.0458673277510456
-3.60508532372368	0.053564549531144
-3.53049038719367	0.050551924796368
0.019477988395435	0.0461692269320486
-4.33941556153925	0.0550289358632802
-5.35270739583731	0.0645729356532731
-7.01408437022455	0.0817823996536845
0.252640814360656	0.0462434041316303
-3.67061543660429	0.0513715615388588
-7.95959500711584	0.0998490576700374
-5.3194264057607	0.0620510434692727
1.76806897103294	0.0616237741436312
2.5041846070639	0.0480584910628436
2.2503664135016	0.05232296292526
-4.62223274722173	0.0576311039659338
0.408318645213672	0.0499834388668296
-0.223004970374185	0.0451508016037388
-1.51885955330088	0.0488472790217995
4.54279435490778	0.0721383040939132
4.57684403132582	0.0612879266146482
3.42272488732838	0.0539769422099282
2.59571687558433	0.0495583819144736
3.92035158940654	0.060726684779632
-2.10016374320122	0.0462416181557747
-0.760130652367443	0.0459982519030218
2.52231588576208	0.0500243446580754
-1.27020106697616	0.0474644358101736
-2.37763222558227	0.0473931034005715
1.1788286254448	0.0492259794803896
4.52672142634394	0.060849083885581
-4.95220365612114	0.0595473124752588
0.23156159653962	0.0493344761727846
-2.48777726387196	0.0472935269107037
-0.546650547168433	0.0460455710802415
-7.15301995864746	0.0823280926196362
2.51717492527754	0.0481384260777522
-0.272378700659245	0.0447271116897304
-4.10766697092062	0.0540863214631788
6.11531961712094	0.0800235963575321
5.68360984286638	0.0744330968455242
0.595326584493134	0.0467443908146485
-0.786120399414656	0.0463517186266078
0.542631844204138	0.0458645601540666
-5.1767411968622	0.0782082313914562
5.9226168785004	0.0943333298627092
-3.11155144428269	0.051218097158149
4.63404102467694	0.06239954244658
0.122192859918846	0.0488055220924946
-1.53173895283717	0.0490623884288818
2.49805129967345	0.0614789221135265
-1.74323393955328	0.0466727100610588
1.50176620317867	0.0472125265622772
-2.1999398337168	0.046057444003807
6.81153324324852	0.0919954118105686
5.09976253061865	0.0675442325173004
1.63193337717545	0.0485723997290437
-0.85218931861224	0.0449201269050677
1.98926585543084	0.0473932926224236
-1.1839665206944	0.0444138001779255
-0.819344056203857	0.0449097497641909
-5.25256946718907	0.063505296996697
-4.61182984148305	0.0566322101670336
-1.11847039060821	0.0460643562868188
-2.65481728873146	0.0517278741171216
-7.29997484284185	0.0851257312780917
-2.52766110511355	0.0472595288682455
4.39397980227497	0.0674464196307019
-1.77148313563712	0.0461897890556463
2.81840943631888	0.0528188118581792
0.440192501174901	0.0485235401516361
-4.38893072469007	0.0558666145039452
1.96064846032842	0.0479018332313618
0.503704282992308	0.0462338283353688
-2.78764956622904	0.0476164730836932
-5.68821334683523	0.0671490727715961
-0.655246967849116	0.0468473192907799
-0.0111885032731749	0.0473248522130819
0.670291752162565	0.0503664113720304
-7.27386147450817	0.0847500469389781
0.690762061445754	0.046337440639958
1.97246780842854	0.0527867769518838
2.74866376914942	0.0488879226268859
-1.50451420468879	0.0444641082264646
-6.97453667772313	0.0815324610499386
5.22869262120581	0.0683314969494384
5.62355998403292	0.0756663171866087
-1.00095211862012	0.0493335308567559
-5.18049006370281	0.0605011853341256
-3.23347869207199	0.0488091538314505
-5.46093319730364	0.063583197590199
-1.38964594048	0.0466585734531602
1.92539164057536	0.050838681315303
0.152890395832056	0.0456300481011099
-6.69872021558873	0.0757670802137078
1.77771964786584	0.0575966413260082
-3.74156317551731	0.0519702386444567
-0.462830876625678	0.047568547602659
3.8641522143378	0.0589393194001794
-3.16525067568404	0.048373513190656
-4.03243391785312	0.0538475897900988
0.573926331074733	0.0471991657804192
-6.39955339824979	0.0750811650003558
0.484179017708664	0.0461154479186597
2.90364531992852	0.0556013752984635
4.78177354701879	0.0634041497082082
-2.99319075596377	0.0493727980590471
-2.18407454278907	0.0479363817612775
0.760831149649911	0.0473319699426554
3.98158898233181	0.0596460824935938
-0.876569426093182	0.0477681671789671
-5.32830423621834	0.0622271837616046
2.32521201641252	0.047766629812429
3.02436288717465	0.0505343704900018
-4.79435248771384	0.0605510700325331
4.08427656720698	0.0619578899847054
-3.92400018278527	0.0529449476906079
0.969014393471507	0.0467626033798418
8.01227148800503	0.119990376633828
2.19842337762727	0.0475864638809913
1.26531903827116	0.0470011602386169
0.721867839807012	0.0542907451829751
9.16343348039626	0.175939928587179
0.0430029233924632	0.0450915744126006
-6.35538709267886	0.0723822268483928
2.35366575624013	0.0503179236135148
-0.205742527271474	0.0487767798316306
0.142688299079912	0.0449513060300795
-2.21651729812281	0.0515677088117221
3.01008979957409	0.0530939584583942
-0.0524933654311116	0.0449670262591756
4.12284731572174	0.0662997122203437
-6.45646402657029	0.0814391779037065
-7.45103967220776	0.0894609255940547
0.447352541060448	0.048401025690122
-8.36574868503616	0.112898345310967
-4.58916113903114	0.0568537231001457
-3.86882110485384	0.0530806022640584
3.27378212213413	0.0539787798963364
-0.315770644319687	0.0459518303845705
2.84441287949015	0.0514961307015759
-2.39183909841569	0.0470333764277019
-5.28657825100256	0.0617239181207093
1.9663148513667	0.0472537816146321
-2.20901134737937	0.0466193121104601
-3.46188864944713	0.0497771722861486
3.00296125394592	0.0519251984659061
-2.96845785523092	0.0489206906933096
-1.65575117979507	0.0447892640926007
-1.04590587420193	0.0477197718940612
0.517487593949472	0.0458494026629025
10.1607135188062	0.231079722492396
2.16126545347731	0.0473862612520835
-1.53202465808844	0.0488476437210704
3.96979714823297	0.0567313893070844
0.251923410125222	0.0467201168135353
-5.3123457509307	0.0729779298693657
0.567285779408757	0.0459197790941832
-2.3784898036048	0.046753299398674
-3.24560522154085	0.0495427176025637
-7.68247684897081	0.0931388292491064
-2.67717956446806	0.0492913207541074
1.18375566408886	0.0489805208305942
-5.34029193266526	0.0617737659268202
-4.82487199545329	0.0581448106847693
-0.884933129504426	0.0466957381786855
-0.720215936076103	0.0450010941521533
-4.37767581012374	0.0556742048774821
-1.42029723054796	0.0461805376697281
5.59772402090293	0.0744640076964451
-2.07498273728919	0.0458090401098743
0.601452343563254	0.0463525997578013
3.84553106522681	0.060046058645474
-2.96284176423411	0.0478292962933729
-7.37801379505364	0.086088494190106
-0.762434633816175	0.0448769233013641
-2.82114787120429	0.0473175870711418
-4.67040841301311	0.0571421382844861
-1.11711322127927	0.0472702567087841
6.49472447979974	0.0845889347964238
-0.437438209001236	0.0517489582226386
-0.628692651017601	0.0449135600167983
-1.79885951227005	0.04528122810165
-3.45935771405973	0.0497877475694405
0.971485629394589	0.0469812635686681
1.5936796293755	0.0489190502182817
-6.19451150346104	0.0748679607263277
-4.40710699012973	0.0568306359560366
2.59152881900626	0.0614464729615185
-4.61570061739538	0.0566309985477633
-5.29216920367963	0.0618143660033947
-8.9422793263122	0.132003129940267
-1.82913398472256	0.0456215725324544
-0.0401874010580738	0.0462916624777765
2.27167524019047	0.0579312862360369
3.10567430354787	0.053067028946471
-3.23521583164654	0.0484610626943782
-4.68541206345746	0.057594824973275
-2.36662214734894	0.0509631901585855
-2.71290578772524	0.0476097306419783
-1.63318075144796	0.0499364148572034
-1.7617411448338	0.0451476157608582
-7.61357478195497	0.0912080145241292
-2.45199671893284	0.0468340496883655
-2.51240704920481	0.0475467906645269
-7.50351949050912	0.0915661498644126
3.20092810284269	0.0513295317835984
-2.36290434567189	0.0472475899143885
1.13298737064816	0.0540736160817087
-1.67267526863081	0.0483916979808705
-6.20344956037999	0.0727788121386325
-3.34312511336973	0.0516894580294422
-1.75580169537543	0.0456903779416097
6.2511494111077	0.086674361652114
-2.41890366214699	0.047216293846942
-1.60476970837094	0.0445868321557286
-5.14183459689842	0.0606932064093779
-0.429395447948642	0.0449049175327237
-2.16682091877159	0.0485286525920354
-1.06300734155672	0.0445594575875399
-5.0812928097172	0.0627459236090918
3.95425983829168	0.0575395431359724
-3.45726346975139	0.0496252564074505
1.0179981916998	0.0464928715790581
-8.69095123389598	0.122109011511366
0.825416112579819	0.0465047585783016
9.88541223727884	0.202129836078171
-3.62760163012984	0.0508007590780752
5.10278958308567	0.0716058829841684
3.10950464739158	0.0507304056192868
1.02478046354306	0.0468255148629257
-2.02062713056597	0.0466922099189795
1.3078070914716	0.0483081116877125
-3.41360019703209	0.0511847446080259
2.54382184473172	0.0483321213259752
-3.87575573552191	0.0560564077168692
-4.21484693073026	0.0544784492535709
3.94457115049984	0.0573000760513093
1.85488185524658	0.0482250421564702
2.25649019863418	0.0486697996542956
-4.42855016462199	0.0557037018101903
-2.86690167537373	0.0491388070042086
-4.53792238908681	0.0561858142665855
-4.03310798077415	0.0533005423828544
4.72867442022251	0.0628251175694837
1.01178470838844	0.0530105006844995
-4.22172448129865	0.0545300259239511
-1.82455434981811	0.0451771109198067
-2.54414205668446	0.0512481752719833
1.70305429717226	0.0469791209526475
-1.47405824379499	0.0443383511092239
4.0018378878946	0.0652421397471902
2.17006078849246	0.0472488278197134
4.55965096822238	0.061179310141017
-6.38151207458018	0.0724054706107118
-4.02950538856152	0.0541258022003688
1.44827960832765	0.0474115521629922
-1.96563474378661	0.0455436120691382
1.38145363536165	0.0487625435794622
-1.41327225165048	0.0490272168032857
4.55135775372653	0.0657764478926991
7.22573183376523	0.101105999329495
-0.416305811947748	0.0448220382078839
-4.16871936205258	0.0540522939830428
1.54437610154479	0.0514203851947248
0.452006329823009	0.0456373388675706
-3.53077256245686	0.0501099584280332
0.670405108826326	0.0463364422211684
3.09183041405384	0.0508346214169159
0.156923924486636	0.0452601675721061
-6.83625667913837	0.0774908420285465
-0.532224984504231	0.0450182882095858
-6.43593941193099	0.0728225441006509
8.40846654659038	0.156981468822776
0.310989498343173	0.045830191375129
-3.2925519413734	0.0521930764989519
-5.41163946642388	0.0629444291216514
-2.79506698597103	0.0526119724977108
-2.22366677911502	0.050713683363825
-1.11062300606984	0.0446388190907998
1.15132233355726	0.0514989868440433
-3.61496139086498	0.0531810895151985
-0.357597286887811	0.0449375706495815
1.5389060202236	0.0481675387539494
1.95343218015448	0.0471295503497856
6.21301213948654	0.136383454670203
6.75187452854648	0.0925628549825092
-1.12523926764697	0.0509331554591403
4.87146550473055	0.0663642258286518
-4.30041578166977	0.0557576323734478
0.186170859791742	0.04760697247081
4.04363135667953	0.065749209436289
-0.246451951736131	0.0485982236081691
3.1001147473791	0.0525187614481439
-0.664078718362905	0.0471954875622788
-1.90139122851816	0.0495258567325061
-2.6825400892712	0.0496178259000127
0.812835610639925	0.0463303888717923
2.33305865406222	0.0533574451391621
-0.977963065511893	0.0520729195559269
1.83340714552877	0.0477047230690094
-10.044276684122	0.186602442991355
-7.58580796734348	0.0932094171042563
-10.4766069316206	0.219450988685917
-0.0664673108570766	0.0518287876894697
-1.01370775865068	0.0457587671531207
-1.61278392556096	0.0452279318221662
6.67838039585623	0.0880300236304093
1.11020632831075	0.0495969127662481
-5.96074168713632	0.0681533430358101
3.94001818057189	0.0590327072901377
-0.477069317135986	0.0449783591898906
2.17123498042011	0.0520975194743379
-0.783570062211765	0.0449519864385515
7.46176845514219	0.103696135210815
-4.92934817379884	0.0586477689524365
-5.20835355063313	0.0612078242025339
4.02646302773948	0.0615862314650553
-1.23742011830118	0.0447247450840575
-5.82542578615523	0.0677743958220739
-1.34404246155728	0.0586880564654744
-1.21550401778701	0.0445301847745777
-5.7936746257684	0.0666217078992224
-5.277845662224	0.061651528674581
-5.81213531035434	0.0662541843124538
-3.4638638327683	0.0514501897604378
6.75698887690207	0.0945072240379634
-2.96950230962235	0.04765589262477
-5.97561884763043	0.0689400363869059
1.87256744749243	0.0472579752124285
-2.16212343802895	0.0463906247640109
0.645109976245089	0.0462069863467307
-5.76421564588441	0.0658565796316351
-5.3956273385563	0.0626626393597686
-0.626301905698028	0.0451195099339194
4.29271067699427	0.0588822331902031
2.12446338248284	0.0473884190357299
3.75891337194453	0.0594525203445683
-0.11299979380622	0.0513307411084488
4.45978277844308	0.0602682725757787
3.21891162023331	0.0530612243866768
-1.46685054772356	0.0444213036054788
-0.816307449933248	0.0449154875518601
2.95198185736958	0.0499761487399625
-1.42978963600868	0.0452385686593472
8.05746186925446	0.122670400343766
0.581303752085938	0.0466379273688729
-0.384429583617934	0.0486527002924558
-4.56738373094248	0.0568005015907
0.865215155074148	0.04656129774413
-7.67575556226825	0.0972728040489114
-7.32375374651436	0.0890914906364563
2.96991627605432	0.0553020701691555
-1.96141815390184	0.0465458897800337
6.00346402320566	0.0794773377493631
-1.02630983960499	0.0449503111669068
-2.00605294809914	0.0468197886998895
6.40669985278509	0.0852410487876576
0.953916254468925	0.0465926413865319
-4.81378158669411	0.0592053769452221
-4.51641807329243	0.0561576725245459
5.54427222565089	0.0778574637079519
-4.33596055200053	0.0551179994904709
7.14455515217389	0.0969836727918506
6.73356353625982	0.0886750412993943
-0.749417087212784	0.0449245429517884
-4.31643846515623	0.0578208944186074
-0.306364294331952	0.0449174931917158
2.67444037234767	0.0586690342221589
1.86608276333361	0.0473369342011882
6.54745065257382	0.0914500343425882
1.31439386499271	0.0467520218310027
-2.48072541758799	0.0485249709433135
-5.09004935175864	0.0600018544102163
-1.92970111057723	0.0498600274172512
4.37948972294326	0.0671044050663237
-2.61414260873744	0.0512191488349559
-0.66187660542604	0.044951038099381
1.22571600324572	0.0545253418549831
-5.02335768687502	0.0621346620698747
4.61423687798742	0.0625784017661379
-4.07474343330939	0.0535041117307263
-1.21526173254883	0.0479378534839356
8.59275250875116	0.14579360911245
-0.648333210525375	0.0452249305536071
0.674790381021066	0.0489461154312806
1.66618033557172	0.0504532460002251
-2.8734990110268	0.0485126603865548
2.3817444240589	0.0556687968689004
-1.76608086021791	0.0482358584819583
-6.20612256745602	0.0704797866608891
-0.999533851702372	0.046603941516281
3.98111537064659	0.0560120161592185
-7.50871998067016	0.0897164201450563
-4.805811161111	0.0612177026783024
-2.03802288472501	0.0495461914968281
5.39551078216694	0.0702087157698513
-3.99835254743679	0.0534252712600656
-0.705938786572934	0.0534611697601181
-0.928420946208468	0.0450514600655394
-2.39278491017895	0.0478397745604135
-0.971968099998188	0.0460957147603931
1.26069363361065	0.0469046361119736
0.488016638283546	0.045746430306894
5.05765890017313	0.0670725070927484
-7.39485586842098	0.0974496769860774
-0.805802509552894	0.0462598844143038
-3.38774420876544	0.0497146871594095
-3.03335750778425	0.0479602263188001
-1.1551053239736	0.0453988403441157
4.1258023320076	0.0601297471250381
5.41457487766975	0.0704121997638658
5.73527195980351	0.0746804308930477
-2.12829029721419	0.0460990313626687
-3.33185181234815	0.0491089015839954
1.40930480063324	0.047607232628074
9.46258276804545	0.177931290017745
-6.81153699343971	0.0784895752197802
-0.397450101323618	0.0451876839274403
2.68372859679641	0.0487809607435312
3.92074461923402	0.0631695197185954
7.3867157617559	0.102304632496672
-1.69012351100802	0.0450474398942341
-3.84379301488173	0.0525144679090398
4.71868729059898	0.0629147789991165
5.23661629518892	0.0685988733522631
-8.44786220626461	0.137445634397801
-0.246838519516089	0.0517286854276721
-1.54233880830229	0.0482689910264754
-3.93134081898593	0.0546165652946792
-1.32125266812961	0.04459233424108
0.819934096430745	0.0497462091318848
-2.01616018299235	0.0459384009895425
7.82783342498702	0.113628901785664
4.56937321907912	0.0616254946362636
-10.1250152763566	0.200369621170755
5.15667620000457	0.070353900791858
-1.44494866030784	0.0442672531483194
-2.60486306644329	0.0490746028950127
-2.23617269221069	0.0473117435421531
-9.11361769962785	0.151642059823995
-1.35815365011917	0.0468709769857579
-2.59874984172501	0.0505146924028262
2.47377368817366	0.0486288553699844
-2.81866336299547	0.0476989222636307
-1.68111099386484	0.0464938876025047
-3.80670919377436	0.0519611045448752
-6.95959392815437	0.0808193958408243
1.6519034281747	0.0470431633296849
-4.32069260274878	0.0552086548746642
3.40168089093012	0.0523844493471864
4.86546280082308	0.0645195814261869
-5.37017463628934	0.0625356798154115
-4.36233627829569	0.0551621240096106
5.06697921213381	0.067152842476423
-2.62494444945875	0.0472651596739176
-3.15327647382336	0.0494495347856172
-1.97830642612205	0.0470950554678684
1.14767481272997	0.0473568384610749
-2.39596809598891	0.0480115229365936
-5.09871795851102	0.0603912433249367
1.99199254389673	0.054913227047158
-2.50765191626808	0.047735428035875
0.838979683453061	0.0485298329081798
0.320918283677153	0.0454851523586062
2.02367996605255	0.0494654845626765
0.617247830863619	0.0462167442518586
0.0474121206031872	0.0481375484432601
3.82172162349088	0.0604110007458084
0.897127452753965	0.0467479413413506
-0.0284471714546412	0.051252903795572
0.234250537179189	0.0458178740029917
-4.26390457960748	0.0546461912918098
0.271102728564765	0.0453050578621459
-5.83839999073525	0.0667342679773287
0.660127933135947	0.0467453749530605
-5.45046966599979	0.0628171789084865
1.83528794086218	0.0493265865314831
-0.981354766323181	0.0445488625669732
3.07402092674659	0.050646461503407
-4.64733736635006	0.0569470166794213
-4.21518243994824	0.0559952446209955
-2.30234462609973	0.0468244036674033
-5.70329490320239	0.0664511725391196
1.99814011907562	0.0472719490911578
-1.06627533990867	0.0447965416363054
-2.46878761339256	0.0469181016689134
-1.47447735813151	0.0473090930914647
0.183282672686133	0.0477470041965183
-3.85518154763115	0.0523648466256921
2.5971916987385	0.0532123999330873
3.19589812086356	0.0513331721192676
-0.358731212164887	0.0478589094272118
0.648164382358301	0.0529620048054409
-3.69857367976975	0.052056894612807
0.405910346702674	0.0454335857670796
0.376673423524734	0.0453490744662024
-0.0154451892193109	0.0448772336133446
-2.06290164841168	0.0481534175125435
0.190902987005429	0.0486728724923513
7.88967514595352	0.116815373982203
0.0203447016650106	0.0478997858906156
1.32150819973579	0.0472143847136677
1.92135144897626	0.0476630057587106
1.18923632846925	0.0471506740051645
9.14231088766319	0.167240357173706
-5.118242015942	0.0600259720066509
-2.79744502332652	0.0477260245960259
-0.33685137517239	0.0598079972439661
-0.0774573262721423	0.0450314700101678
-0.689051884999971	0.0529640575169618
5.66472995281365	0.07398711302219
0.634912103891602	0.0476003006546026
0.277840856492973	0.0478128023980968
-6.48147542980249	0.0732828481270116
-6.47733521869923	0.0782376110398331
-1.31026013127556	0.0453187237092339
2.30698534454822	0.048280997290487
-3.71989538977604	0.0518176378183481
0.0784063882759272	0.0527904036888601
-6.77389908563724	0.0821866780517471
-1.57234491683473	0.044796854879719
-6.45884471543641	0.0810401520555718
-3.29809581572253	0.0505665977915473
4.28101017756066	0.059072299287818
-1.11409770954128	0.044602179672472
-0.194660373738201	0.0484162611269052
-2.38861898920633	0.0467423395053194
-1.60552242437965	0.0458537643261377
-5.28649201043085	0.0616106180863313
2.91986644418958	0.0608491716956467
0.179645329979087	0.045962097420015
-2.45312455366013	0.0468706995299287
-1.75752927969833	0.0502329375639822
0.334537416482722	0.0503981582021019
8.11948319803681	0.125369832264109
0.145931123037934	0.0450146394340994
-3.39469814488349	0.0505655103350932
-1.95813652779536	0.0463429272434731
5.4656838872203	0.0714628183490927
-3.98093525309339	0.0529814423617645
-2.06183629216536	0.0475432628274887
2.96471972562963	0.0524543852749789
6.22656438208975	0.0881921167883781
3.67265823535388	0.0546902818430474
0.756298014778862	0.046969386408875
-4.43692228645666	0.0561623046278189
-1.48885872897177	0.0466478869623296
-0.343452973672836	0.0447422791952778
0.81300693103308	0.0477223599774529
-3.29806488257926	0.0502418641491042
-3.23748151922417	0.0484793831524144
3.17781075554743	0.0593537854262427
-0.772540182373227	0.0451616309992105
-0.201906513591057	0.045890466042563
-2.55225232414726	0.0470322420950115
2.85311066555581	0.0496703993773015
0.508590905326881	0.046546618326192
1.82327721757905	0.0485897886686353
-5.26424607724975	0.0616135315857991
2.42497414296997	0.047990847845679
0.662345160238854	0.0488645333819788
-2.79029985810003	0.0484623591007361
-8.6701844792266	0.121157604243278
-1.21811393618504	0.0470907153572145
3.89837958484153	0.0554057478982587
-1.03905242893694	0.045459413908404
-2.60813383877989	0.0467270198911084
-1.25259086605365	0.0454402568464585
-5.44426895641041	0.0660404759751007
-2.44407530289263	0.0465598314982537
0.367336155544511	0.049120418029726
-5.10502724275277	0.0617930776457201
-0.403788436923134	0.0448768863235219
2.01801814469817	0.0493554348590928
-1.92909406317726	0.0458726988579871
2.33687906242028	0.0480546989433367
1.6535207122574	0.0503728811697366
-3.2518915415243	0.0487536634576099
7.61845412113129	0.107944960739691
-7.23138120853415	0.083607461847068
-2.39833335008079	0.0466964585361944
-1.6058852573023	0.0456254427092873
-4.24767351072192	0.0562032140138994
2.47293295150909	0.049341467224134
4.80153541805547	0.0658476715445546
-0.499527885757632	0.045180939458098
-2.52510162537566	0.0468001321502959
-6.94376744788711	0.0792874945481592
5.7412760699295	0.0818596554849409
-2.01944673101423	0.0484291813233916
-2.38377672148547	0.0476699013288977
0.836736011072033	0.048491396076043
-1.0550760105102	0.0453925853277562
6.65016783590503	0.0870143561012828
4.6445183157633	0.0667594086241677
2.70279402483638	0.0632520482421515
-11.6315036592501	0.341087315508122
-6.21464759914117	0.0704924174775775
-1.81887631469379	0.0484426424600731
-0.944934017898138	0.0477246653753011
-2.27051491478833	0.0471974551971323
-1.10906826422553	0.0466737309792452
-5.56914739913071	0.0675444837170052
1.83522138318022	0.0485133605911006
-3.78090030629376	0.0518129199185331
0.00649973745706863	0.0449307828149437
-4.02953173211407	0.0538083620965606
-1.42105312848359	0.0446472904783581
-4.89533579193344	0.0590273126541105
-0.959518313766609	0.0446549647625626
-2.14599644616812	0.0461015334460477
-8.36312070559972	0.112682396759757
-2.42982351706206	0.0513615922931245
-8.39158890070005	0.112781112427019
-1.72724660553991	0.0453226857956428
0.343045269370134	0.0475936011577714
-5.34339585579382	0.0619537392749829
-6.57710640536617	0.0744155129604122
-0.410948307416977	0.045973273550971
1.99091595532644	0.0498863537458126
-3.06872949899071	0.0486037042065013
-2.2852587997354	0.0461981394401391
-4.07457350744602	0.0543146602416571
-5.47028601734284	0.0657440206359684
0.858150078223113	0.0513546423503198
4.67613668829087	0.0623568527154081
0.476071107302725	0.0455986429477412
0.504337664221277	0.0462802233516779
-1.58262580673156	0.0453626985938841
-5.53941534920902	0.0639837733082108
6.10264596719199	0.0843657944829243
-1.94095696638076	0.0458004231865756
0.696123682083185	0.0462253136167946
3.01073521299041	0.0509875908638218
-2.18622004234505	0.0469715643020567
-7.64845239263267	0.0920997683181415
-5.32939199964375	0.0638249471007619
1.09607316622201	0.0466705360461024
-4.04280611605613	0.0535577293460432
-2.9463640672573	0.0476024545322918
-0.895183724624991	0.0498299180202218
0.542498007381852	0.0487912260387019
-2.18432637681147	0.0460414370418543
-2.58287392872619	0.0475886267014034
-6.11063172244391	0.0702818087814091
-1.40715791771686	0.04648035370639
0.567084917110132	0.0462272447883534
-1.24535990378341	0.045022068373513
-0.107004295839941	0.0452382519026759
6.5297767438406	0.0927168596273398
-3.14473339805254	0.0496938340057028
-10.074362093388	0.189847871044151
-0.797471410820129	0.044851080819298
2.9449080201482	0.0516028221985948
3.89668019267235	0.056417354099501
-0.0375865047546524	0.0448457141663142
0.832309614285887	0.0466536399942605
7.55176147792746	0.106668309122233
4.4762730594252	0.0603703494446703
5.00060152616812	0.0721643655320509
0.124820842263628	0.0451594458539665
3.16244841335782	0.0542469805127801
-0.150898910036002	0.0453114401280367
5.51600717207913	0.0723075557931449
-3.70811154114821	0.0512448475038838
-1.2806838931359	0.0456527570464611
-3.63206470113882	0.0516607274968203
1.25339529121768	0.0485052215581174
-3.80104721554839	0.0536158106079159
-3.37315104753176	0.0508443100142515
-2.23335327267805	0.0485744019407183
-2.64453129750648	0.0472159930710571
1.35471958767783	0.0467379633657748
-2.12668959822643	0.0462515606135608
1.30707167059826	0.0491811265854856
-0.291956742369966	0.0447775902210937
-4.29409953401706	0.0548872650686758
-4.25953984247901	0.0548226351138508
-2.63476474622546	0.0481223460422046
7.9870597238784	0.118973078239338
3.77315475480136	0.0546106056048039
5.98092626025434	0.0841900617035193
-1.73248142116281	0.0492166491763697
-2.48225443237316	0.0508386029688946
-0.480314835162524	0.0452848263262478
4.23718976231014	0.0590562500599437
-6.38935208427906	0.07373995846431
-1.5227898770922	0.0445437904802885
-3.97463733250236	0.0536612771059283
-8.68832796410928	0.123773550118403
-1.75796047140674	0.0460370399722814
3.73965704400711	0.0555093028420714
1.72755003259752	0.0474869972415977
-8.63895059439894	0.120623360860242
0.65539788347535	0.0464893811375271
-1.08930451228202	0.0486698486829206
-3.18506868451908	0.0482773640193531
4.36656253923474	0.0597629955946516
1.34621148667538	0.0474901438862181
-3.8506352517285	0.053026240357673
-5.0572310370137	0.0604342386445148
-3.32173823884103	0.049194754665869
-0.787560097356623	0.0461565219923836
1.78843240639904	0.0470096392240058
-1.399350432735	0.0474059302757424
1.55923673509449	0.0467792210947198
-5.12834374986409	0.0620300906206332
-2.29568385362292	0.0462303511090171
-3.44567926495457	0.049609185604892
-0.0310906054257476	0.0461948917444269
5.11850046365202	0.0688189121318067
-1.37035692926524	0.0447217959355675
-1.52158270402109	0.0445934737294781
4.67432867743127	0.0620668233804337
0.0614698420655951	0.0464456570719855
-6.30609482820413	0.0719441356936097
3.94617073470692	0.0591263382130439
3.42002179500209	0.0533318805984912
3.45520482154422	0.0532563566466425
-2.46119003774119	0.0468828731351577
-1.00481795898089	0.0458322202073893
-5.79386295094991	0.0662536006295624
-1.56994646705502	0.0452794266207917
5.87283297623148	0.0766562028543691
1.2375132599909	0.0479162429474142
-0.4556616229683	0.0457738145618308
6.40338245892791	0.085082522475472
-5.88127169592211	0.0671103412190952
-1.46725102467032	0.044867386756436
2.84386092124652	0.0494318752578909
-0.121050503010531	0.0479413675436967
-4.98166939216046	0.0603181458562727
-1.82167700055289	0.0462274392951505
3.44216395220714	0.0549273353243411
-3.10764018298683	0.0486892939431983
1.00830018633369	0.0504817400484447
4.22188728890162	0.0598249169697249
-2.20427330349247	0.046145628382908
-0.909973302223411	0.0469781558010652
-2.02560143360418	0.0457326437568887
-0.42593045400044	0.0458924692468746
1.31979242800867	0.0514220951294411
0.563011042883045	0.0472241202682754
-2.29234851374833	0.0474658935153897
3.9903674147746	0.0569678419737675
0.596207178713777	0.0508714516046803
6.18328427017076	0.0802502028565809
-5.42168919368235	0.0630212846635937
0.581909406415558	0.0485269302828378
-2.45129998547566	0.0467727499570972
5.13383076709734	0.0672443412800175
-0.798314931750322	0.0449210866632225
5.80808975127648	0.0781268624248621
4.09936777202254	0.0597019707942722
-2.61461341183797	0.047970546732824
4.55665065185724	0.0635345150455503
5.02815432876599	0.0736935270441801
4.06493914702848	0.0571467586227749
2.60623321012292	0.0491815707607485
-6.74627105192749	0.0781899985676009
-2.43781758026621	0.046546940572644
3.74359810979136	0.0559517186694556
-3.14767972815681	0.0503378023602685
1.09487406716848	0.0612649450413926
6.3539518267122	0.0832812858469805
3.11100883585963	0.0506146028838979
2.37036230336302	0.0530131975276054
-2.36155969304541	0.0466735506563444
-2.09362177249267	0.049165507027258
-1.44475825941984	0.0517984380327194
1.74216239108741	0.048648216323059
2.5422534849234	0.0486531733918879
-1.6216021983907	0.0448431494986163
-0.920183422854442	0.0520720236288888
-5.32188081562339	0.0616968948440043
-2.15411974382513	0.0459839632253784
4.31786227857547	0.0606260262800068
-7.93800406972299	0.100711188931047
-0.456779865025585	0.0527133661529331
2.60691003526532	0.050627785076996
9.83939214539071	0.201148337798293
-2.12706880859096	0.0487794717143589
1.65723436261614	0.047801758480926
-2.99325949942756	0.0477839373977747
1.24205705180755	0.0469135308574558
2.26079895568306	0.0782134355362325
1.43989631039066	0.0478265112830903
-1.90270673648101	0.0481605262857751
-3.74974501299149	0.0525604242363573
2.88290116989736	0.0498689237831659
2.22282219114634	0.0484807765902674
-6.77772259788994	0.077960932690564
-0.388611275091044	0.0453394334812651
-3.74061300838288	0.0519972876588665
-10.4299998363514	0.216791551390447
-3.96572845712183	0.0539411657969559
-1.03941027570123	0.0448811589765376
5.03065718797266	0.0664010719303453
-3.89757158795586	0.0560990855740428
2.91935944971029	0.0495323051237303
-3.20232761895821	0.0491381028955275
-3.14571770665365	0.0495248596483496
-0.33147607775884	0.0448985832688206
-6.22953299947348	0.0711552186808086
-1.70256145876495	0.0479904274799535
1.79160288323564	0.0518124949740017
-0.922103452368846	0.0455757666211354
0.43377819780519	0.0455860905429434
-8.06856983050104	0.104059960460302
-2.72622694056036	0.0472896826079535
2.78161833566558	0.0512488187865184
-2.99981265247235	0.0481823171937684
-2.48287321251257	0.0466593981824312
3.85025473308074	0.0595627911688662
-3.85239224350916	0.0549263726597859
1.9249867690829	0.0529668086615056
0.928619827447758	0.0466901321527852
-6.9995914218228	0.0843753630895092
-4.08533752008824	0.0536251334059688
-0.643240146597565	0.0448972156059795
-1.11951194449003	0.052595706421823
0.388872938558977	0.0465482633384273
0.772123091727605	0.0469663306901186
2.58166199859554	0.0505366767390581
-10.0762173366999	0.188596297092634
-1.26902978974058	0.0466420266199
2.41810255084881	0.0510661986716212
-2.53670021879334	0.0529067816863569
-5.48810700075861	0.0634846011667564
0.321342442358245	0.0460568662974488
3.33754221697891	0.0532809320672459
-1.48030878772865	0.0445792539506644
-0.89504430225766	0.0453253043525433
-1.65143827263328	0.0450710503386581
2.04276270198527	0.0475521898868996
-7.7185410786074	0.0988470252856557
5.34078475487658	0.0740357372755503
-0.267675130767173	0.0448239771104015
-5.04451073976878	0.0601524362837764
-2.00201518843507	0.0480602614876876
0.877271564355334	0.0492208515533736
-1.7321457989295	0.0448999450657919
5.67634472347831	0.0849424329520722
1.35721531268199	0.0630025846896134
1.72011486064679	0.0473327936166297
5.54543552242037	0.0721968891549297
-3.31200704938018	0.0488638336817878
-3.06384940806447	0.0478703436516545
-4.63119276973863	0.0567583399467929
1.62959463357522	0.0480081767954948
-2.49465717612397	0.0466453231238473
-0.37736967089062	0.048935381543831
5.86728743730639	0.0799595534173292
-2.54821690503166	0.0471195422137938
-0.419304184157539	0.0475493958777809
1.04161515518677	0.0497161471931434
-0.670954615529232	0.0466471349461729
-2.1812003151238	0.0516043363248049
-1.04359359581888	0.0444957703022585
-5.07583143361276	0.0638958981755168
1.28094478890792	0.0474140066503513
-3.54352552987817	0.050501614286549
-9.98086676327955	0.18265581752812
-0.79156999282275	0.0448663117595403
-0.0659889375611985	0.0452988019621892
-0.757522654661959	0.0470766599538072
-5.7855776253197	0.0670505561496254
2.46977247565975	0.0487425422587094
-0.0843987733827507	0.052056298937932
1.59340588614434	0.0479320524840928
1.5356307559353	0.046981916440285
1.88273367840611	0.0564458585434726
4.43239814252518	0.0797532510849713
-10.2249732956207	0.199203183587648
-3.55114905054275	0.0507884507246287
5.41619766297181	0.0707754338259162
-1.69162840838893	0.0450642596068898
-5.33898417385115	0.0639187520817378
2.53699268586375	0.0495834433504306
2.14546231645334	0.0483662641744563
-1.48327495228512	0.0443057142135144
-1.10883041565196	0.0482360123165318
8.89898329548871	0.151630131639443
-4.08653074016501	0.0536976754816802
-3.42799532965148	0.0524897884829815
-0.395853697526723	0.045305794223357
-3.64111443459971	0.0510085377548327
-1.69207728746161	0.0451566260505318
-6.25144759925797	0.0719690648425253
-3.80409378351811	0.0538146399357806
2.13188947101105	0.0478773538490332
-0.0283532847999873	0.0448192087019233
0.108924986096477	0.0462808014758115
-1.6234396066479	0.044565754656808
-2.47814294208417	0.0501477428748994
-6.15706991117828	0.0720229088997874
-2.38792346631106	0.0556879106470047
2.67321121140827	0.0509754127614845
4.77574307417667	0.0630269323330586
-3.69811079639156	0.0514519709383587
-7.35813792237025	0.0866704174791046
-2.24017485623067	0.0461582079311172
-9.100404508934	0.13924586693555
-1.49807094728476	0.0459444340392252
3.11400713927859	0.0509828315544861
3.58780932364076	0.064346987522052
3.54208234211701	0.0621784915051106
-2.54804159118012	0.0468627757222884
-4.1621918658002	0.0541790517906256
0.250403548288463	0.0467809847013396
-1.39835182926264	0.0450485020461341
1.09166784410396	0.0508164814486952
4.26912671214478	0.0631850840523143
-0.671520494777975	0.0489902302897263
-4.56356523778981	0.0564736076432299
-0.501828103826818	0.0450257963834856
5.05083232962303	0.0675641525640135
-8.82212889042358	0.126353039020292
-1.61325531336273	0.0445756871179109
1.39432738719318	0.0492526923553935
-0.361550078876084	0.0466486797746587
6.15306984814835	0.0808098854572794
-6.54605431741106	0.0760857717459228
-4.77561170081358	0.0597124939752492
1.16892997517035	0.0470051286036678
-5.00186249545019	0.0599059921553093
-1.48100262873574	0.0449361700941576
-3.18401034539672	0.0521591247727712
-0.0315173511672399	0.04680386021928
1.24716665224136	0.0505349068257887
3.77909020992221	0.0648678975880604
2.32534575814301	0.0483627584566569
3.96951390371096	0.0565395299089039
3.28868859850625	0.0533440568183019
-3.11931055449063	0.048589586219524
4.73217666670028	0.0704506297355598
-2.48636070217591	0.0474676456185435
-0.228761968277141	0.0450154736043061
9.00101775702326	0.156065381124045
2.11030918669491	0.0478749745406131
5.37159897835288	0.0721945412927404
3.41996303240753	0.058090257987788
8.7566724079863	0.148706425768031
2.82555497382362	0.0494596498571358
-3.00206334857489	0.0476760662386448
-9.38571912107102	0.148833329827207
0.915278547399969	0.0483702906344262
-0.758688663602099	0.0696744878209011
-2.43491200077018	0.0480135011715115
-1.5331108506427	0.0445961971673591
0.413890986760233	0.0502433061154712
1.19124197192232	0.0466371353979239
-3.42672368315615	0.0516862184357547
-3.24029306470863	0.0503548514743786
2.30073263846223	0.0508413576327768
-8.17955366292771	0.107121822321223
-2.48298979114729	0.047690846537391
-0.476331795757674	0.0460421216505397
-5.09621339687837	0.0598364991626308
-2.84385574952401	0.0487428639227753
2.74307384166678	0.0731717107706732
-2.72722561899226	0.0470674664910243
-3.52854443163147	0.0508563095788327
0.813136815595661	0.0508265246655776
-3.67483917537394	0.0510770384414111
-3.26661051243871	0.049374968645376
-0.76895996384632	0.0451542329268369
-6.40472072245507	0.0723288451673656
-8.43075404779215	0.113971946014825
-1.91493759922438	0.046437510050722
1.41393170853882	0.0470723194082221
-0.73985984841045	0.0467564060171038
1.48455970559697	0.0533928078139674
-0.701483778864014	0.0453731836838226
-3.95968528043962	0.0527696378046874
4.77261778512497	0.0637334044406219
0.416126757759172	0.0455565526436843
-0.543410181772928	0.0474379773628619
-0.350905987602353	0.0451940241861771
-0.802695497326868	0.0448486467800314
-2.9494407272534	0.0475684952271805
-2.01736700267081	0.051167521643035
1.3057225443328	0.0477840775835908
-6.19953017506946	0.0705837998484694
2.06698777282614	0.0472073933048192
-1.32623968680065	0.0518337554290213
-1.35191103418722	0.0468017360986391
2.2436587979204	0.0487902011675354
-3.28858446364213	0.0493281179105654
3.27559680968885	0.0535136739409386
-1.71361488696914	0.0453870443337271
-0.539665743642872	0.0451781399131376
-4.23619058461125	0.0544348336260497
4.62772682801091	0.0618314258362487
2.27148536194994	0.0479376751808059
-2.06973206361644	0.0456961010310853
1.01037121852602	0.0481451203454801
-6.70698575962445	0.0759993595395853
5.11364663373706	0.0672223681568327
-2.1574861419654	0.0460584082821201
6.74086685707118	0.090530782373839
-4.06834844846133	0.0537671432591926
-5.74147413914825	0.0670985916225975
-2.01870826913351	0.0468678166714685
-1.45360179104607	0.0447052307023085
4.63273642018926	0.0625471682958767
-5.48900176754154	0.0639740840883015
-0.267835993855665	0.0502762031918239
1.29703268592407	0.0487605099672084
-3.61569439452252	0.0516608251898034
-3.34397217069178	0.0489554614942859
0.677186300377897	0.0462096272954544
-0.908682644837325	0.0493489698170999
2.84621396391315	0.0493779316403566
-3.84514252264794	0.0520084572680066
-3.83118989479621	0.0527811020641154
-2.29352831904464	0.0545694046892991
-4.55434877670012	0.0564493100861137
0.12260171315455	0.0453541952202035
1.85933899498893	0.0474004542286656
-3.97609697569386	0.0533713642806607
0.738988315276604	0.0471885332568511
-5.02858162690489	0.0594021801863055
0.344060228154231	0.0468522099794361
-2.36040607866953	0.0467317741215333
8.04000273075364	0.126661229240475
0.830848701140064	0.0479320187232391
-0.991104754737488	0.0514565608211043
-6.62482139449975	0.0773921843789647
-8.39882714897471	0.115860000648041
-2.56708295425603	0.0475156611761325
1.47536269313081	0.0522199283579819
1.26518045880695	0.0472879835837032
0.924673936195271	0.0482060462536392
-1.65334251359847	0.0477043312106043
0.110275441541762	0.0483961660492078
-0.430519627328104	0.0450563102439358
-2.30561586437571	0.0464342298159583
-4.24646977607375	0.055769732285761
-8.39799158513613	0.116817497815231
-0.773568207645634	0.0457170217494603
-4.43526395443555	0.0557718118052139
-2.7986353583723	0.0479177481141613
-5.97094202846231	0.0708068873734105
3.4250858609445	0.0526172534460453
-3.7001879272728	0.0515291813084159
-4.40012008546446	0.0555272624999394
-2.91633058339165	0.0474368255024182
-4.24628634895884	0.0573740453205562
1.34303039118462	0.0572711097418498
0.239205920050898	0.0464220727116672
3.91863353160642	0.0646493094001854
-1.06545561100891	0.045267136580205
-2.16579485712874	0.0459682347979024
1.54745227235821	0.0561951931829916
1.75058855223555	0.0474606402139623
-1.70229048714657	0.0466495962317688
4.62458251730397	0.0685679970105997
0.427023673385751	0.0535509322746935
-6.09819106384644	0.0692699541236276
5.0936177015997	0.0673842079624982
-3.30267602307928	0.0490693755825644
-1.00087500667566	0.0446002288595915
4.57351301212245	0.0657266930952848
-2.75333169821892	0.0470375516277206
-3.48294026490739	0.0499510494027357
-3.47111251745401	0.0499524468643235
-8.28513180714006	0.109527516653896
1.18099652068517	0.0470451489451012
-2.44050735693279	0.0469820052885051
-3.17235654897999	0.0486844971122486
1.61974882804074	0.0477037968697399
-1.77246258908083	0.0457252114900618
3.69070724387785	0.0591654121222207
0.547397015712878	0.0498466561703826
0.641866301543107	0.0472026740747584
1.66248823629251	0.0560153980137013
-0.21257176406113	0.0520521808097314
5.23831057308949	0.0685669094846804
-5.51796562932638	0.0643792802580231
-0.176741544320344	0.047732474068937
-4.74845805338014	0.0576687791335797
-5.68299312709199	0.0650865641042774
-1.52702573765108	0.0454064565509308
-3.65044306992975	0.0521422520759272
-2.98002743050405	0.0478092511458746
1.04162092694062	0.0522634844289124
3.32606108353186	0.0592406781946791
-9.10809372641287	0.148042677144371
-0.954592173557183	0.0452860600260918
0.419456595713605	0.0476177780449497
1.79275782581577	0.0474382548898338
0.412608159278389	0.0462288133342194
1.88431885338726	0.0479554023668509
2.42386243963025	0.0539686751159016
0.768776478611943	0.0465967611879369
-5.18916869972713	0.060756776066686
-3.03370422825865	0.0483570643981185
-2.17000183564384	0.0472201583321682
4.09463246788122	0.0574466048985385
10.5433287988961	0.238577179596495
0.251954317760112	0.045417733652812
2.60717179814251	0.0483905059471417
-1.51216925876063	0.0502719757313131
-0.297463512166197	0.0463693542146403
8.8783965249382	0.15150846175109
0.8295056971191	0.0474025996068962
3.78137392738772	0.0547874646532016
3.52985456313579	0.0533884382875238
3.61784891448363	0.0543696740110642
-0.923857759010479	0.0448708559671175
-1.9132152646196	0.0453251131135435
0.137866080656396	0.0504478604114489
4.67339632189324	0.0639600163224829
8.97141453325933	0.154622403266722
-7.71046656689515	0.0940499053088593
-5.92121604423486	0.0675268061813659
3.97889596827596	0.0579581976024901
-6.43929549143665	0.0734507162437612
-5.8359728932534	0.0665682447190598
-2.4689861528642	0.049010099154257
-3.17783826050182	0.0493342603134375
-1.26495460981251	0.0446311477703301
0.431815504215967	0.0455276600956125
2.37003247172723	0.0480430497884654
1.52401992178231	0.047343704863704
-4.28932538690671	0.0549547499526207
-8.91098794207489	0.132337698491968
-2.27631528841562	0.0463057801108615
-5.03038469017608	0.0655611300787648
-0.0296788383952456	0.0463000502762204
1.1421511362145	0.0465527545825669
1.65730649208839	0.0479564755302581
2.04250871346505	0.0473920491318789
-3.12031044462821	0.0483961638057871
-0.443971468049255	0.0520546461485757
-0.763137519935266	0.0450422253573392
2.19345181683954	0.048956997403809
-3.28837957331197	0.0513253052442441
0.612372383386996	0.0459867510674323
8.09952910834729	0.126161830380985
-5.06930276248534	0.0598075732062483
-4.33535624246597	0.0551965764129954
-5.82648136491368	0.0666994747046522
-0.688880929581219	0.0450900857900889
-7.39122195988542	0.0872103570951772
3.87870548761842	0.0560726621817435
4.25665006906928	0.0702778187610971
2.03972081519725	0.0473622767009675
2.71883547911106	0.048831599065237
-5.07880859180165	0.0638025041466586
-6.90224130392024	0.0794215871281201
3.13957179884121	0.0512425243456869
-6.67321640142099	0.0760316034633313
2.7684203199763	0.0499770204018962
-1.68543541500175	0.044997200303437
4.15901913605578	0.0576343068721348
0.467506465849747	0.0456851625166435
1.10323350886544	0.049833020224203
-2.83161423070319	0.0490498773993515
4.01502717266043	0.062207334853564
1.79704535288347	0.0485550043174397
-1.01931399302195	0.0445337400431003
-2.72799896509706	0.0478316552172347
-3.09619347493272	0.0506424826594184
3.33143981562453	0.0546975525223372
0.13681784939268	0.0453900979661825
4.44768140977606	0.0603584795856359
1.26747196087008	0.0498740031704374
0.508875697948949	0.0462470152312422
0.421888015501894	0.0456593596439351
-3.18691375370685	0.0483783897612662
0.103801416842329	0.0455701991599738
-1.79374187100343	0.0465629538331934
-1.74407812112311	0.0481114385566894
-2.84251333667537	0.047697019936836
2.68975647565431	0.0513568150950075
-3.9695814942497	0.0533631927416321
-6.47980231197886	0.073542733480385
-3.63823314543297	0.0507179405533609
0.764302811204928	0.0463116554355724
-2.9151403327509	0.047988889358763
-1.06548583908405	0.0450412765145617
-4.48172678804084	0.0570721833314828
-0.114965964835811	0.0456444699983918
3.00583658018942	0.0516182505992183
-5.40343622381396	0.063138394045852
2.22383047554592	0.0637009323519388
2.95966258409145	0.0498183122661146
-1.68910782422891	0.0449745543500107
-3.75120304425466	0.0513478416655092
5.09443258646294	0.0667346364961273
-1.61781033679704	0.0518584097032498
-4.42382180561974	0.0572463928364177
-0.460878402377935	0.0449883104403918
-3.42349843548769	0.049707444643593
-0.363778596247534	0.0447911402012552
-4.46776392199467	0.056806137628112
-2.75423584710293	0.0480202668291922
-0.371365557278486	0.0463893333367103
4.59821385893591	0.0654916082740725
4.30988236819889	0.0589644453492012
-1.20766520216897	0.0486628096608207
-2.57747717998156	0.0471122127131326
0.224203346137949	0.0452343699944059
-5.10384509125807	0.0600105337338645
1.29284337266443	0.0467636088710028
-3.00652845637723	0.0484131062326938
-2.23121908202271	0.0478335369683235
0.176937014493728	0.0518393452389359
-3.42782580060175	0.0494846291005523
3.43098374741552	0.0576409372702025
-3.24678853287061	0.0485954846594231
-3.50787866566904	0.0507002806482062
-6.3199067713906	0.0734223029427104
-0.156420725279232	0.0471431666667398
-2.78893744805334	0.0472112495088524
-0.519758483207451	0.0461610701730575
-4.36053319394208	0.0572938691032283
2.79989526090242	0.0497914232548688
-2.15912492413057	0.0477851229930145
0.462412970534742	0.0472492025068356
-8.08812967098224	0.105887827273246
-0.216671791672536	0.045556592414074
3.83629840740938	0.0556037529767533
-0.476884623444294	0.0453105597328342
-2.96925532443373	0.051728890465974
1.06440989766473	0.0480523342557669
3.12349532956286	0.0521230839345186
2.12375751309639	0.0475801255237022
-4.66831127596815	0.0591502984901552
-0.594971761443076	0.0453723366393095
2.83353201663153	0.0572789062573548
1.25020027206592	0.0470492435328162
-2.4680288060351	0.0469585134348457
-1.35969227689617	0.0527507817918031
3.29848384078712	0.0523915819862602
6.77038759833101	0.0893082537411097
-3.22803789939799	0.0514523481017099
-2.86039349088284	0.0475781780255796
-2.42166706932163	0.0476564006364195
3.69461645156293	0.0695423402296132
-3.81314514735392	0.0524421758603736
-4.0480102923683	0.0537950177148335
-1.75045858305651	0.0459441237801405
-0.518665110498803	0.0456280894087747
3.82889429810213	0.0588942565097716
-6.60240987435675	0.0855409990587905
1.40956051458198	0.0488621745911694
-2.78026706369218	0.0497479607703623
-1.671994793422	0.0449605525224234
3.62420356257988	0.053736961146723
0.842775699870701	0.0488855403925955
0.881093636101531	0.0472930008416187
-4.42148171442245	0.0567717480753749
-2.53190775994757	0.0466976882370838
3.57581350980863	0.056227886606235
4.01454020045435	0.0586032099891906
3.43849241985373	0.0533004121690988
2.32756614185944	0.04835871928958
-3.09732586181064	0.0519170069333491
-3.639916716994	0.0507289214062444
-0.311048626696075	0.0459537615498789
-2.59363068509856	0.0467494957774446
-4.68615987911366	0.0570527372588538
0.182778328557042	0.0507704768907089
1.37752804168953	0.0477277926242604
-3.97171092324999	0.0529852890312394
0.614476777079527	0.050543077372534
-0.306564170545211	0.0455017316841658
1.75990016424898	0.0470176290840204
-1.55523541850836	0.0473774557240787
-1.89277016750669	0.0455497874081948
-2.03163037639128	0.0460657041333109
-4.86676167679261	0.0607879378735313
4.97814730656225	0.0659789528028924
0.909838018758374	0.0466386290452411
-9.99145686723015	0.185547586877179
-7.96212383657696	0.100846071209178
-3.89363412478237	0.0528163982521195
4.79928869299692	0.0655526815867984
-1.1068555263096	0.0495318358147032
0.900662187274951	0.0517590868778091
-4.33468433492485	0.0587716508783332
4.23439217148582	0.059407665765803
2.22240030584098	0.0474458088960484
-1.08645449959162	0.044698372717226
-1.43212736485016	0.0445423394808212
-5.54728395448391	0.0640593252416745
2.97108062445545	0.053322106535987
3.59438867795104	0.0543406979376793
0.0075123705477457	0.0497615781961499
1.24299946822198	0.0538192061615373
0.684145580058433	0.0522957675255207
-2.29776106803688	0.0472599277430474
-2.84295755956836	0.0474560208116493
5.30600888627036	0.0694960089856568
-6.64230368287149	0.075068601165745
-5.00809265928043	0.0596992090176141
2.52725128842885	0.0513925271059726
7.68176850793697	0.114303386618053
-1.76037932466817	0.0455871623694465
-1.44172255778619	0.04468180230469
-4.41746103899509	0.056268101927259
1.95477190004888	0.0487550150157988
-2.94579473933297	0.0488078917158107
0.527387610244332	0.0478432591866433
-0.0216815601651487	0.0604762439131502
-6.66729716763986	0.0762900980514887
3.12547139641842	0.051551099836357
1.96438299532796	0.0477286639130997
-7.89147195330117	0.0993019468387516
-3.53896760704076	0.0507988469266386
-3.44500911553859	0.0498404263600231
0.451797526683674	0.0459950322182183
-7.66373956815845	0.0944247396919957
3.71126527721062	0.0562477039174346
4.77338366407366	0.0630271419334314
-1.15852365144341	0.0470334524006519
6.67947430762032	0.0881850728168001
-1.84165669002051	0.047958806500343
0.578967512067104	0.0603685798881998
-0.389389279294535	0.0448281670719355
2.27195213318727	0.0486075916872989
-0.955566211158708	0.0449205219841456
-0.415400547375666	0.0464700495434858
3.75520982512086	0.0546437025616117
-1.68361479033461	0.0452152799343158
0.973592247222026	0.0467931716747683
-2.94307645547529	0.0476681831181044
5.93230694926189	0.0799937519698981
-4.64244504863331	0.0570966323927107
1.74329755115102	0.0479817049828393
-0.355596330276059	0.0466544866575001
4.60413450106001	0.0951870370098313
1.29217532061066	0.0578385396082113
2.79938819992886	0.0533024060129343
0.822150725060743	0.0478753512496728
-6.42758369459584	0.0729896274077618
-1.48050405413524	0.0506367616834402
-0.842623415879908	0.0481388732997198
1.24311419412813	0.0473732992911138
4.99057222291048	0.0662242075581242
-1.21438570225926	0.0449071144013433
-8.18794273686703	0.106468824003589
-5.57743374798983	0.0656439899865824
7.19016873168298	0.0983687995528169
-1.65611137330607	0.0463175616147963
-0.161665050236635	0.0458346799492311
-4.55006696200228	0.0569543140858678
-0.379679343756433	0.0509560727779214
2.84148761550876	0.0493406390202503
-0.483780474175644	0.0463034462464356
-5.94868001185735	0.0680400052747838
-1.23488715706557	0.0447610582483501
-2.14031030322047	0.0503031883719783
1.13497936275072	0.0470952900763928
0.98476800563151	0.0474920238436272
-2.8135417988	0.0471822117064563
5.61737394503565	0.0731488246577039
-0.214861406475068	0.0477064850513901
1.96670690774767	0.0484186427344085
-4.31509754581804	0.0551640328301145
-2.95639321067904	0.0485980387854839
-6.37166410752752	0.0720721169322848
0.0223199578027636	0.0456593961802326
-9.24433630452401	0.162894503881092
4.12418343244064	0.0623086697527342
1.24268268915841	0.0470798069098965
-3.25964361812695	0.0485928015369787
-10.5269482580868	0.225396907576308
3.26907105049116	0.0582772404421357
0.673227970060985	0.0464453353582212
4.8475318532732	0.0638362545652711
-3.74187518325422	0.0525591196098673
-0.671680486963379	0.044927900497861
3.59077718599034	0.056131375020554
0.812188186877983	0.0463147393421974
-7.16664270028714	0.0890811967475068
2.91787483998364	0.0496025341428745
0.74188548365921	0.0471351931274891
-2.98182201771417	0.0500711862583314
0.822208095088391	0.047767851009878
1.42548348136064	0.0486657926224501
-1.13844766359175	0.0444695919100725
0.127782805252461	0.0536959703168965
3.94941977322101	0.0588183132955915
-0.930280505731732	0.0447342025395408
-5.7178159529387	0.0660862833770364
1.71881741529323	0.0476853950040634
-3.04979943911847	0.0484204458128241
-6.45577341341314	0.0743862059666806
-4.56913344738157	0.0564606507070081
-3.20894354330389	0.0493756285958161
0.0576069108747823	0.0455583059069993
1.67212816193299	0.0469589074193318
-0.178877347343559	0.0471100883715445
1.83366281151054	0.0481558973248725
4.6524654840417	0.0620611675193749
3.27497338706443	0.0534152967538408
7.0928066813352	0.0969520535189869
0.908327869121045	0.0532344221942214
-3.26472376616633	0.0486633152950327
2.9777409665329	0.0500226310935977
0.137205171815975	0.044946789540835
1.06438249280591	0.0470604401751876
-3.4062131711203	0.0546231191746234
0.225285865432338	0.0489076514963545
-2.51804376803834	0.046710964801625
-4.65587646662171	0.0593745701330778
1.24177813578319	0.0486220803406526
-2.04551211466744	0.0459915012406466
2.90346722783866	0.0496165014500086
5.87625429338022	0.0761132928924303
-4.39572509664089	0.058285454735773
-0.370482014696068	0.0460558401366157
-1.66255858792066	0.0449652568631601
1.43556756618839	0.0496317987761853
-0.562708908507174	0.0456591058188872
-0.326616449868693	0.0557304161210851
-0.957348086497637	0.0455494590758532
0.810054362819746	0.0508997406306791
2.48271675610038	0.0496257131351612
3.76901890079835	0.0579601302886654
-1.95144027062855	0.0459565966780086
7.55323790448783	0.112173856757759
2.54111765361894	0.0482475990557635
-1.74939295930327	0.0470830445828033
0.698208577379247	0.0467567743048199
5.94993056912566	0.0799056341117278
