-8.167173531388377	-2.323252392463819	0.9372036715791223	-1.9778558005378784	1.4551657250683316	-2.099936952957071
-4.696901250372824	-0.8683474213603354	0.44486145208424566	-0.9083180235801326	0.4869495412882467	-0.718229772861548
3.5695987769421196	1.4707701314237613	-0.8129757976712908	1.48111594015907	-0.9740799601718377	1.511272540807639
3.1903862758303876	1.0989189413710174	0.4806779787499665	-0.1687222345806105	-0.2168529633878694	0.46011567568778183
5.367077617785428	1.292225350417673	-0.6762060054094275	0.6821430774944024	-0.536694863546802	1.0448644604787023
0.6756287182258536	0.4944884973945565	-0.2941782844674876	0.4160380791144722	-0.179897534872513	0.5201726954863697
-9.83664242440131	-2.0136232323672054	2.348803182013966	-1.6408989424150728	1.3272314755295649	-1.9924706475654426
-6.543510041381731	-0.9153119145357611	0.8601514340341996	-0.8543358341094465	1.2733102244874321	-0.9354554074808452
1.5532837915473345	0.546447908693987	-0.20584357165154885	-0.019244286237729145	-0.22807255954729452	0.46394028271095816
-1.4840984728832765	0.09996378251699015	-0.8532192761866726	-0.15189239177583885	-0.17175387683500473	-0.025452931222724604
1.1239158113251122	0.7752262552097733	-0.32463578149214417	0.3010450391252493	-0.913979410655973	0.6358748521838699
-2.267739918305532	-0.22365039611977305	-0.17056355833538953	-0.4697049744670167	0.06349483051392177	-0.6750111951411484
-0.7936292588802214	0.8224108823355081	-0.6148328228647898	0.773763855625872	-1.0372507772225983	0.792853277683681
-2.615613923817757	-0.843333049220939	0.45940896596418596	-0.7330476700852884	0.43827279631910604	-0.8065726811574531
-0.9812291275289645	-0.21677794338207415	0.5209074726635111	-0.942601929348159	0.9091078280042488	-0.5747629911524457
5.115010142424788	1.293149459238014	-0.18303473043847232	0.8171585207937128	-0.5149385006993926	1.1257771574577866
-4.582049753191541	-0.9956240970659902	1.0006188518426278	-0.8320682762593735	0.8017229212148235	-1.0028460245418378
-6.627185524182534	-2.222768586692661	1.4346138177247132	-2.072527965154234	1.9136548873310628	-2.375930937042987
-5.780756142882834	-1.396240488911131	1.727027111100078	-2.4104944032571938	1.5315832821574074	-1.8678282129674126
-0.38500737064297363	0.3719669978771281	-1.1893771736999952	0.7979590386292212	-0.9694117119450223	0.6323438310784497
1.4585162276326482	0.35934170859054293	0.35278432813491734	-0.1907741467939417	0.25199957810310725	0.29605243494737227
-0.23487580498997906	-0.12200182466285817	0.01667686457356856	0.2523329252661995	0.14656114061630987	-0.0697440828232081
1.0468824512718924	0.9288626781039151	-0.6068360891888818	0.6677095307372326	-0.6432382310616004	0.6144671961042099
-2.7860553770545886	-0.2542827483190678	0.19629580298101493	-0.11041069213738015	0.2821674575520428	-0.03312623862435664
-1.5236648738525806	0.09955254637703456	-0.10346827409812406	0.41999662462089404	-0.3297063381485517	0.40724280523670314
-7.135457633935738	-1.546444243723905	0.7278581307125402	-1.1299516932016267	0.6027860940827494	-1.644827288322043
2.5700113321706226	0.6514547356788648	0.7152036883021029	-0.1067403472186264	0.6323283357219864	0.3656324976406628
-2.176888358989376	-0.31309705147537553	0.004128269642067934	0.06652321391566181	0.43400315034026987	0.050271509648929284
0.8202030558865245	0.8258792261153196	-0.1759840124776818	0.03765785799052606	0.08238027817084405	0.8190195638674678
-2.7382985733576755	-0.9009493265999009	0.004077922686004215	-0.17681489873890766	0.8529289280055022	-0.5715864854501171
4.758537691901735	1.3001627296986198	-2.104296206981631	1.2529548886845763	-2.0192024746755672	1.1211371808395756
-1.3323333024099182	-0.04604113771782027	-0.3888861050032483	0.7524151239680067	-0.5170607487061669	0.21294668394954144
-0.24144371491648414	0.14376593886060787	-0.8150842609006482	0.880680030259174	-0.6717552185834896	0.42560849886872
0.3364097361960532	0.5956630763840762	-0.6620043542089727	0.8369473521445974	-0.5211029825125806	0.7155590970258267
1.0015736614312107	0.7361819318228113	-1.28978580597622	1.1880490254163554	-1.501855081916063	0.9225106731606446
2.447119494959371	0.6225408550419677	0.5041453492155838	-0.19135792912144026	0.08581170639157215	0.16604343029747345
5.653133211689245	1.3261653595394116	-1.1514887339852307	0.9666377870541363	-1.1384952167564408	1.1496722272261581
-4.556180836633273	-0.9474180995015946	1.269685436952468	-1.9950547200280433	1.3288285615468276	-1.582219460228939
-2.24446653661395	-0.2261081568951945	0.6662443657692841	0.27269580521511183	0.0457744331755971	0.07333639913917926
1.429509700228325	0.4084115869647447	0.36441757407154307	-0.1251417495001481	0.10094285773773114	0.4238059120482939
-5.112731785356083	-0.8024695453273007	0.9620926016374133	-0.06751070977599828	0.47607461753040936	-0.506515792176136
-7.684597063098012	-1.429014237794105	0.6984141674232686	-1.5882724100201266	1.1799631712796927	-1.5377827866306903
-3.704681243039771	-0.7185069357430331	0.2648558616228919	-0.1719541573961911	0.5477851512866192	-0.4069650781621909
2.574252705425041	0.8215601101030757	-0.8129071314913116	1.0707042247676968	-0.8006064068800886	0.8548423858712817
-3.6247803776447296	-1.0249021858680323	0.2935466286516138	-0.11815656587781367	0.1528998464256034	-0.7817785202288718
-0.3177346505657947	0.16242763332218946	-0.2996551943652446	-0.4604618859956739	0.16557004726421368	0.18772847133521645
-2.6962171558104013	-0.5416342563407378	-0.34691017022530213	0.6236257035363271	-0.18500226358469068	-0.07336834589570528
-1.7787574389606173	-0.197083260867712	-0.003291780326326785	-0.42202383413040445	0.1391857654058771	-0.16389316448525115
-1.1798998866501842	0.27837995090957635	-0.2922052913048886	0.49942637205699464	-0.37575252539098153	0.44400151587038234
3.8183363837312987	0.8848407922975939	0.5559878211268378	0.055610698328925505	0.3161851929278908	0.7892186590098793
-6.284825234221165	-2.470419482407727	2.2489997294932595	-2.3609568094326456	2.2319784065529102	-2.6329692424883153
7.260433028191563	2.002473152461318	-0.8872596643969397	1.5588633565467829	-1.0178709756108635	1.5823367860893187
-0.6655147536085085	0.07860598173063767	-0.23420373673053804	-0.02080842272299459	0.49212645194491783	-0.03447861217417469
1.528385481190034	0.9000027957905383	-0.33113597903157005	0.04688689930742029	-0.2892847221155507	0.6700509608641408
-6.991828440858207	-1.0626922733768311	0.741474739847906	-0.9391458143725498	0.8240295048950211	-1.1192401288907399
4.121620927792253	1.1279472681798002	-1.4157847345105676	1.1685582801164347	-1.6011288017440417	1.4082185363691435
6.329214689160815	1.4611759268100548	-0.8346543660255743	0.710727119919847	-0.6904967117716141	1.0067776125199364
-4.062530109674239	-0.5588299314135781	-0.03149602021412977	0.08012477527029341	0.4509673001846479	-0.07594779579065908
3.248329283056273	0.8984070372938219	-1.029878390690879	0.9224893653063806	-1.5302743871997648	0.8218516346392888
-5.6972993689279	-1.2624241806990244	0.9492144583963885	-1.5451777446500352	1.1094450017724953	-1.305673276585525
2.932906191993774	0.8191771126112353	-1.0887544376413945	0.5207900439205381	-1.037801832350095	0.9932262056892595
1.1704827305988905	0.5077928635133527	-0.6371885069102201	0.7673990841421421	-0.8911658890399277	0.8405605534298918
-3.142005227892494	-0.6261151878170403	0.7382926934602755	-1.3127313924190795	1.0473919115181851	-1.0972480188366742
2.10782845555307	0.5811795286284028	0.05113253213152356	0.023541495910803102	-0.09895222252819263	0.24782305357573267
1.1340548594362518	0.6365064208023232	0.13542687060023317	0.1527677589790751	-0.4117004936180801	0.1713496815528617
-7.666445616365243	-1.7678234518401712	1.3718010927517532	-1.690817770737084	1.6517737743657088	-1.8466185642436863
1.207859606930785	0.6800067745049109	-0.6225677796499197	0.6476021631233396	-0.29618136167271625	0.8466459406341995
-3.772057543472864	-0.6477286097819558	0.18362237318826738	-0.19089162207512356	0.46125153900032123	-0.39415498127977733
-3.0448692072291497	-0.3224729690186333	1.171465973397527	-1.0843946018211423	1.0739465954393284	-0.8117826839393978
0.6699995604338833	0.09578978148641133	0.28188119858378685	0.13241998673187272	0.5730996676103174	0.147778828272266
-1.9782337024347094	-0.12706192548337802	0.8436441211542143	-0.8518646501652404	0.599861547159997	-0.5857178919815341
-2.1932492608503815	-0.23398629791689243	-1.1761570977987728	1.0054893259290896	-1.1279476670587958	0.38742994189176255
-7.398986101262413	-1.6503904053322023	1.1083540400513512	-1.5426514089024226	1.6765548818439564	-1.937573191399262
-5.184448428281649	-1.3899322392750166	1.2073635193511503	-0.6594330837831042	1.2134451148874612	-0.8882143492503246
-3.8084974131660396	-0.6622559820351517	1.1308838210744439	-0.8146439031451331	1.3390404819924113	-0.6565438875083329
0.5034151600028017	0.5190599139134113	-0.5191461581448451	0.9677662509582652	-0.8454294977477111	0.8077058696666947
5.2876222574487795	1.5516972936255815	-1.3048915957088127	1.267976783782115	-1.5868049512030615	0.9995736188919618
6.4936207515243805	1.241166252982588	-1.478020810947852	1.37934565640082	-1.554118397891124	1.2958642300987462
0.7138068398898829	0.244817653536543	-0.6454701242529194	0.1538711574694692	-0.2878311139393792	0.2753651482738938
-8.81381031910912	-2.0093935738320945	2.373808471353971	-1.8693651099333368	1.8682897057934473	-2.1898386387232316
-0.16176360531835998	0.7341075401780119	-0.6555113910117174	0.6257664665032378	-0.384866608918292	0.7450143782763357
-3.268281104823086	-0.6184884180928109	-0.24956581583195733	-0.18552559837130947	0.10126941474204844	-0.5219580812993745
1.4307646970733887	0.8163506894557444	0.039801972353232226	0.6938079014655721	-0.37860310265001634	0.9518002871202205
2.145747449414174	0.6659733501887761	-0.3947554193851917	0.3793550530368737	-0.38478894519548196	0.5998991364473869
1.0644851911623399	0.43802724894359574	0.05223920302002831	-0.24717825226638088	-0.21016177076501555	0.16983245073821152
1.617075243719836	0.5184364086613426	0.09000669813621623	0.6231752109624018	-0.31442365051380117	0.7392988724987499
-2.392140245367303	-0.09798327105195105	-0.38417708097570546	0.2302665322536358	-0.4451925687372151	0.07567388453079403
0.3129942640129397	-0.06761906690201662	-0.44309841654161947	0.09028082043020641	-0.3944175175848543	0.04235630727910589
-2.0491025115909736	-0.7348545487323526	0.13639987519647512	-0.045727199653151626	0.3630435198991276	-0.5086238446766809
2.3686797406047413	0.4469200640528448	0.06314154322622154	-0.5000548347754072	0.19025898074062317	0.10670261536305851
-0.9618123755115073	0.040566500549540085	-1.3632070329199257	0.4178719171864058	-0.7896826506763988	0.03368086305344569
-8.09344545894221	-2.0197398575594674	1.422565641113639	-1.3873034911240463	1.9183497793866369	-1.6881200481440137
7.7802108329157535	2.0623325989281556	-1.157961792781266	1.948197417620983	-1.8686126876529228	2.173315409237966
6.416496385374407	1.4178160219623546	-1.543727018311318	1.3659244335388765	-1.265818220662616	1.249997796455586
-6.73639667568147	-1.6165351053778303	1.291207963498596	-1.6444795942506913	1.4478994957504594	-1.1744019271370045
0.49551954398374753	0.5268437978299618	-0.7003224974432777	1.478722087653006	-1.0827352089054818	0.8706143051904813
-1.428680311489666	-0.34857227125717993	-0.31628084098222103	972556735665803e-19	-0.05464701206067578	-0.4102032975258163
-2.4386337559850673	0.024280279869520367	0.025178920775273957	0.36198370194840185	-0.03600818368310429	0.21054202217648418
0.3623929458607802	0.5012629747656903	0.10555934047045752	0.6463095223225453	-0.05005786930793851	0.64567247690694
-2.0603253560195647	0.21070540903280388	-0.5284182536183857	0.7629393748192206	-0.32486622748890365	0.590737577677709
0.13636283010452588	0.05322053183706997	-0.5610452322668871	-0.31387028423921326	0.018695510073369365	-0.14174893308747208
-4.7813102795583	-0.6084532901396753	-0.7274713379361032	-0.29073691600743135	-0.3660754191093032	-0.6295949918063395
1.2872531651103356	0.3361739230147693	-0.6202702666677361	0.6474270523839462	-0.2890026560852855	0.5575330523376503
0.6630584651750147	-0.18473110110265917	0.4309290427915772	0.3047023580481306	-0.07274488033187511	0.1460884410682292
-1.459540786404905	-0.20643537284452712	-0.10615550632372858	-0.5900370973610878	0.49490420209901803	-0.27228772434371346
-1.4250363146957363	-0.13515531184978655	-0.37168231557702497	0.10436746080242394	-0.4717384517647393	0.03285832275272764
-3.582748165477018	-0.835978817894162	1.1776961050843318	-0.8607082889283655	0.8496489642672354	-1.0701463600549093
0.8683353176815931	0.7088324292729065	0.130704754423792	0.4843179371916625	0.4031466322103735	0.5375617911713926
-1.4547381945233129	-0.29025523022900784	1.6961387161250971	-1.1924371190012641	1.4555566990757316	-0.40103760366649144
-0.3826945502839574	0.013361466890545237	1.0976593222995314	-0.3700805173996565	0.5598688844584564	-0.14341455768269507
4.794018068603427	1.2495816602063488	-0.42169449751493493	0.5827778384802716	-1.0232098560283405	0.955886910699547
0.4754106226204948	0.3937847800820618	0.8853530141782946	0.2668047801635444	0.512115105011116	0.5200361591584759
2.314699859151168	0.916045533198912	-0.7041815040347049	0.10220567366061088	-0.1841078324932974	0.4982978185805307
4.329717265938034	1.2180393918519155	-1.6377495776122277	1.057112641516849	-1.177370805873342	1.323739277506051
0.041852667567361834	0.31974039638307505	0.4069772464022161	-0.2753923711723543	0.2086876487076941	0.3451316502787092
-2.802327423057279	-0.6673084630591045	0.44001966576504725	-1.2812386566372944	0.8454455198145865	-1.0673695165418486
0.8912053818814862	0.3798784092727101	0.1800450276324635	-0.6124358289671463	0.2190381377456475	0.011876706891945726
-7.401143762653914	-1.474344076665104	2.915176125047842	-2.4073034207107007	2.490986246216472	-1.837303581648773
-10.040524943895166	-2.505590610228865	1.4886508069523852	-2.1186993472820332	1.3140496028317927	-2.604115024447664
-1.6859140626486289	0.14129705447327184	-0.5184119372562567	0.1886949748368936	-0.3166538314292668	0.4528963049072502
-6.538506443675157	-1.2563203761680846	0.9856197166824295	-1.3208535657391127	1.2973986442228806	-1.360763658475397
-4.232154046351375	-0.44337462945854156	0.3172531203852837	-0.2170599319613214	0.4642964066154602	-0.34386488437838686
-0.17968900127743215	-0.07115669551994859	0.35296761655285236	-0.4529623574738148	0.5822321459095008	-0.15428697017968285
2.832550166150238	1.3786514838864683	-1.0261483486610308	1.8101679954359795	-1.6506676750621354	1.5233771043899433
-3.1446354928267493	-0.8354287742368076	0.4506345106899659	-1.1820492319870226	0.8299826865526773	-0.836412133505992
-4.663463269209692	-0.7520267641930909	0.05307731958140756	-0.7811497683181572	0.16332388737750694	-0.9870224888149933
1.68965676616177	0.9909837390709995	-0.6817445271446094	0.9214408124528155	-0.7941325609986752	1.1888266953733506
0.3625492740463146	0.2560656279264761	-0.480022659036901	0.24635810926124707	-0.17887550530859295	0.2574738921036552
0.1242316068331687	0.3457840669235254	-0.5074592863653598	0.4751732578010399	-0.4702099073753093	0.3142261722652337
-5.255994218298041	-1.479354568117779	0.7929505210026063	-1.2312963758343263	0.6331794578724161	-1.616735439798971
-4.45132001703997	-0.25717340793925664	0.11642533438494573	0.596685638489533	-0.2886092645844628	0.2588702436083448
-7.772302037079312	-1.9657472378996272	1.2736737166023906	-1.7861115042268432	1.5666531813450453	-1.800486548430347
-0.147559682272962	0.3854744642123255	-0.9832404035479295	0.7720773679639352	-0.9461927794528707	0.8487542847050393
-1.5710217933286468	-0.33935325035436587	-0.22803047192101625	0.5067629462565768	-0.32747868205735725	-0.03311658768287676
2.043421791145685	0.47662533238111343	-0.29676106748356057	0.5098078966698028	-0.16117633573642043	0.503846432198045
-7.779172827585611	-1.9894979492212188	2.4827421429208787	-2.0065872122019988	2.1222690323858977	-1.914452540547793
6.1506917083572645	1.8212595599410366	-1.4470540909939134	1.3955815231982494	-1.6704965497807458	1.61963032295706
2.2371205327547465	0.6768467773597338	-1.4544245355417815	0.8305988476708077	-0.9693687040582913	0.9797607493317408
3.425400436950698	1.1532222799515155	-0.7281334526017549	0.9810609194102274	-0.8587193156861354	1.572043644469066
-3.7029904471831308	-0.8431840148313167	0.7268639850004647	-1.2616498335342943	0.5384366430711827	-1.2153517274127539
-2.565086662187475	-0.5776771214557161	0.7600476452284766	-1.4617732967857844	0.5781234225253266	-0.9032923514413383
-2.7814143581895197	-0.199561454111964	-0.1758508330635765	-0.3533865227288809	-0.24044541581424664	-0.20461662986528012
-7.889843328418385	-1.7219681490725327	0.9051002153756477	-1.73720773542366	1.0703100114932338	-1.7245426616760207
-0.029674490058005265	-0.059552842822090064	-0.7216387787519795	0.6241894681991258	-0.5609412441511266	0.04473980244173281
-2.6510072358433305	-0.6821427623409665	1.921076016351289	-1.0131429589507193	1.2384339407587595	-0.6717690656388262
6.237144599035966	1.5193022984279863	-2.024044043966169	2.0487067313618383	-1.8923640604402616	1.7494745316814413
1.6710020222424147	0.3032454237115017	-0.3028905077527586	-0.100732951954963	-0.03165378053632891	0.3394734463669569
1.9377324532547107	0.5155341377872624	-1.179601315017108	0.860825002262217	-1.035657570418491	0.7211361464918246
-0.14966723131976623	-0.24376354607247422	1.119607323441465	-0.6969422280884457	0.5716096872884746	-0.47465630798872616
-1.2707740556480533	0.02111613632130452	1.3219416113052123	-0.6848676470097458	1.1366738811105737	-0.11195590391458853
2.005609139652611	0.8059735823270998	-0.4620052662044552	0.5222133403010716	-0.6571073507943269	0.8659288077829347
-0.2450407745264397	0.26936652265930766	-1.0964682381474502	0.5456752038508956	-0.7760768475555353	0.5132914180577751
-2.114250563525821	-0.6598491482246817	0.4712229653066001	-0.16565720951466967	0.28902473292925307	-0.35027957517306896
7.351003876173774	2.0547260543212023	-2.3553456024729007	1.643113157840718	-2.1500486271155568	1.6638000080163309
-0.5598379806590685	0.27753546504069776	-0.33817592565038007	0.24701686354131197	-0.1250920387326082	0.29039071473426575
2.10448607764222	0.6540294556246928	-0.44728953190226883	-0.5182486657518839	0.002792654542683091	0.06238970607461999
-0.5788677160196907	-0.22510688337767595	1.181184668326373	-0.21460591595571332	0.8726877057336025	-0.051953775693936166
3.9603677822524803	0.8736594851027698	-0.396738313034085	0.3651174646444816	-0.3229801953800697	0.7291556032128604
3.1845525248907665	1.2621607906638044	0.04532985834317886	0.5438107649858492	-0.12857756563464431	1.1030261433047297
3.9537331878091626	0.9372456890605951	-0.5296984259872786	0.5050466299132318	-0.08406855653383781	0.7375718445606446
-3.6106703853660966	-0.1413617856229535	-0.27380425699069727	0.018001093521919243	-0.27457108211445186	-0.29516150453374923
2.5691370579750714	0.7039821868655376	-1.345461325749567	0.48575933087990514	-0.8216251095245324	0.7225745029517668
-6.626662493458706	-1.5765712343379674	0.6117688813301796	-0.977924116121192	1.196047435680093	-0.957510926749681
-1.1363126336978226	-0.15964735962188517	0.022296282557122033	-0.03373079027512722	0.5510707174903702	0.041193003057484315
7.631328504882468	1.5717827144648826	-1.675207758305365	1.4975864814033129	-1.377959028413339	1.6604431719878152
-1.530236791995534	-0.30741491281569266	1.1941564742498716	-0.2499754875283016	0.9013148065574214	-0.2740039404208082
-3.564308781967664	-0.2126860538878995	-0.13581542363007718	-0.2059662894354728	0.06478725797752827	-0.23960212735534037
1.6764160231453145	0.4437392957305302	-0.8992211650730796	0.7760469353357288	-0.614648612234458	0.5602183990471352
-1.875205803399898	0.3989106383340129	-0.15136508735080345	0.22880688094144153	0.07268540530211637	0.18539724946479483
-2.2316746678968693	-0.6688176553152327	1.1488799402700414	-1.7823805889858453	1.0183564238978535	-1.2340380261527133
-3.5790756248685347	-0.27015624913019926	-0.753946225315987	0.3722724362644003	-0.9238520124612273	-0.25630810024818973
-5.858248965480011	-1.3628322312864998	-0.2982776124400328	-0.6944459233725296	0.05535499233188154	-1.0167532451772623
-3.665285720181804	-0.17513547634973584	-0.2931362785512231	0.2852188004456136	-0.0755550532845395	0.26869520703788485
-2.3769329673674595	-0.1195110047241425	0.13878464374963936	0.3841367344832136	0.03475778243174825	0.1822195700158477
5.472156394249896	1.2752503109281346	-2.002597235649145	1.9880823937164573	-2.1407582390244686	1.4255968818774312
1.0649277366528902	0.7753045400886375	-1.2394591188573056	1.1572269092827303	-1.2209623749394423	0.9235549901570093
-1.2578884301216864	-0.20800574436811442	0.3137788990536253	-0.4797973925149575	0.38384482364488637	-0.40251011244138035
3.902790922995945	0.8213243222271821	-1.1956267782616299	1.5460436153192287	-1.3646283439146605	1.3974946890491025
1.583809113157234	0.594191586499772	-0.6525962552082095	1.1881919645084222	-0.7316853247722012	0.7023638365962847
1.6346092154461318	0.08401196021050847	0.32221196283781467	-0.3520453040519738	0.26677951873780076	-0.18625096725139928
-1.1661103088760536	0.15730303276861035	0.19850732527942236	0.24633820762021644	0.1621731490481681	0.07877529567507117
-3.7605655582956103	-0.703490948992325	0.2884040496812399	-0.44673475230432674	0.2834039335585133	-0.717717565376006
-2.4757804567118766	-0.11023604144331944	-0.5786924268919955	-0.18203471226056878	-0.10077194308594599	-0.289980189061411
-0.38940033808968344	-0.065230300849904	0.7073209768007834	0.1547029400679375	0.1173408949513079	0.2100565436179624
-6.860660025871521	-1.2801024880322356	1.3262396275652952	-1.196447027491327	1.337300032386647	-1.4313783212776081
5.207038668559824	1.416695101394762	-0.6563914986877879	0.6238476106802507	-1.0713960583593818	1.1182408915741486
1.118302914416176	0.5720337238652282	-0.7921263689127293	0.6965017579766491	-1.005366829165167	0.5473162602284485
-0.9680399323654179	-0.34053962243279834	-0.13398572623347885	0.08730515369545969	-0.08382189062234752	-0.23074032496637556
0.9687315793447303	0.34652986763668286	0.02585763915440941	0.34212692597496625	-0.2189093673329104	0.212592208462173
6.130159221578406	1.0968250956154073	-1.001436053891195	0.8649303003771789	-0.9976838461362326	1.138690252791255
-4.292105004330007	-0.9993537896428073	-0.21047807012582423	-0.30621529814895326	0.20822693458682545	-0.5977824031306759
4.04198778550601	1.0957460087424655	-0.9263276511462308	0.9061233294473445	-0.8567291151946557	1.3041318575715852
-2.556212168656259	-0.4734642514548731	0.5467561754901815	0.34703355297343935	0.25048768051986225	0.03220500036563411
-0.14038341687814915	0.1462655319907481	0.9448698276777238	-0.6528497330970499	0.9331266547439998	-0.5494100570597366
-4.426582895252101	-0.4605622835104754	0.9741351749439655	-1.5934441973569353	1.132939698862257	-0.9868962539127073
-3.4291081061321935	-0.6825253696010595	1.0416475678447386	-0.7472224385659373	0.8543656778088501	-0.5375711186526385
-10.662531882103913	-2.559674808920736	2.1359034664371235	-2.1269500456136283	2.057616660490161	-2.348615044382814
0.586970567573909	0.710682576184558	-0.5665518177683466	0.9926185425311874	-0.705707987409485	0.7838805141384984
1.9579312714472328	0.7494540616115015	-0.3752266514811088	0.6020856052943365	-0.5977275304973569	0.6596080090476528
-0.379625712274982	-0.024053857711034507	0.5480985053445163	-0.2361861991686713	0.21723549675946488	-0.22152536620001717
-4.998919096957981	-1.0445847686609298	0.19184903468565387	-1.0335907135256508	0.6569672743048262	-1.533842698325217
3.688657691812957	1.302577261380345	-1.7683205111356808	1.518800669481948	-1.6891369243449246	1.3671920080884508
-3.5617068086927626	-0.6672712316255001	1.1732930152853123	-0.3254144250165246	0.5199928687244066	-0.6734040760210341
-2.948371501380692	-0.46111539347727337	-0.04298333863294362	-0.024720945399451126	0.1740109107873362	-0.15229546424778742
4.618465308209804	1.162038630779781	-0.21500697254389012	-0.27524890767848564	-0.11252217382680553	0.4199648494128418
-1.6130124246511364	-0.27789755062129806	0.4896981752813223	-0.8516266988520804	0.2828304249000836	-0.407435666411664
-4.719632405587666	-0.9822954857796552	0.7483048016689516	-1.4221233932038995	0.8886773510926055	-1.0596619681806665
-4.451127452381813	-0.9701891302396743	0.685353092515011	-0.9099294413029173	0.7308509786941892	-1.0314154164068674
-7.808395085765609	-2.1265219096225225	1.86432486812394	-0.4728571104274724	0.937282230518671	-1.2290885901707034
-1.4803408825356037	0.4698900683517577	-0.027141453373006264	0.3577768489610347	-0.0813992529449636	0.11326806238685969
1.4391067973303113	0.7167693462732118	-0.7649320375418099	0.9754681101837152	-0.7090686762754882	0.8151455563917898
-1.8437936176227077	-0.15933257516023847	-0.6520953399156773	0.5015849903973645	-0.6506356246869008	0.06645311487171125
-3.325399778631334	-0.8608208023729306	1.4613558144147523	-0.9725765755394642	1.1541919313730595	-0.8094389144458828
-2.9477844711539594	0.008415343222540636	-0.5719988493873364	-0.03175267716164239	-0.31166894469798834	-0.3947304280224724
-1.1188945453588968	0.08280293570568817	-0.39702521051645956	0.8301623898593249	-0.37334365251067114	0.451933817427214
-2.404998010971601	-0.744736746442795	0.9569465496554066	-0.5617315285497102	0.7504868628831769	-0.6884394518920814
-5.810743069309515	-0.9544366966163944	1.5102796273215608	-1.0794102014001228	1.5054417040294652	-1.1588400259371077
-4.8404813410672105	-0.9711967462487414	0.7291497380875619	0.2624966812057709	0.27378408500719614	-0.2736039438633729
-2.217520216944886	-0.2736795967036465	0.029393734694565906	-1.18040835580594	0.34354930025251085	-1.1134655402087807
-0.3712415252311829	0.2044987646944238	-1.6406634793984878	0.4099840233265793	-1.4601072566601714	0.07180802694759023
-3.1211490304953733	-0.855485307460094	1.3856624551267038	-0.9200346643567003	1.306242717960784	-0.8784964793928107
-0.6362014757477424	0.09564402842083569	-0.050073343698777015	0.37273411272107065	-0.1104584765772305	0.3072412797521223
-0.4746038989142204	0.23456506635924862	0.09177335735775448	0.8934864804428028	-0.270532956099174	0.5411534440134306
-1.315979241206979	0.20159276584529723	0.10610865720875928	0.2168973562467031	-0.06753357265273251	0.326185614895589
2.523446531294446	0.6890138219689826	-0.2413533519825106	0.43906090535124415	0.2052782327962774	0.3711094766886084
-3.2970143554934874	-0.47183285599619357	0.9590311330129653	-0.5052221582033046	0.7831458169822956	-0.2906849830183401
1.4384734485774444	0.5748229797148916	-0.09800439026436499	0.6412355697502775	-0.1527350434952355	0.6684629717506582
-0.15720652091608778	0.30788965323162637	0.3881102432227901	-0.5850034351120409	0.45606528369166505	-0.07293998741258996
3.5495189800209954	0.6933254492513428	-0.9854392890718295	0.3988070838896627	-0.5916859513139433	0.9320877303900043
-2.3672379591109234	-0.7350888715611753	-0.1586575134450876	0.4976324277711994	0.29830425453991616	-0.08964210683427755
3.345163972705971	1.0556267474263956	-0.9186707771323158	1.080977158346355	-1.0604426312581359	1.0771061454396347
-8.51601747115461	-1.8290531893124966	0.729399840890172	-1.4295232775299425	1.0392894210142642	-1.4599474946411948
2.1326534032297495	0.7757300961871528	0.22335173293747274	0.2707402750818288	0.08670778337805823	0.8932026864741525
0.7520359608825855	0.3760700312948941	0.655279080215382	0.03630784641486919	0.02906831185252504	0.3679031719862519
-12.208349237240402	-3.6452700023581643	3.8498760141271555	-3.4377759979974245	3.563289458065426	-3.532635260343251
1.5011203147306103	0.754000915311017	-0.11762081810423691	0.8573789586338015	-0.6662668796862868	0.827911207800685
-3.0056760808966185	-1.0759749132649896	-0.09381319691838264	0.2816301269106804	0.21828090820462642	-0.6152000532431786
3.6298727743702313	1.0363548412605263	-0.36598605381372673	0.7768866129080423	-0.4848523233281468	0.9897132032246793
-0.512966943249904	-0.26094222516426874	-0.8107177098777284	0.8565180764845308	-1.0093172366695466	0.17610330276191277
1.6979022792772474	0.6622154128790505	-0.21852742399674316	0.10073028861457652	-0.3180197583789831	0.06745981497513961
4.403022658356851	1.2133545108736805	-1.590452454761449	1.8277573810491345	-1.9386911513369651	1.3340971688490137
0.5902471967779811	0.03090968624085956	0.21311341748580137	-0.29934881043908	0.2515175892093192	-0.255350232011285
2.993165745867219	0.8393039589631827	-0.1688790486621195	0.0034313336635100567	0.16660776724892984	0.5110221979378333
0.8857245754660366	0.6003543400081459	-0.21200483687700702	0.3605424824993049	-0.13124069818914005	0.6346716013720035
7.422134213056638	1.9693242654084926	-0.9187389668208157	0.545665823000339	-0.5452177268026391	1.3939320433185884
-4.085626680824323	-0.9788391331688907	0.19670355970215905	-0.5295839644210383	0.36145280301878674	-0.9254023165754183
-4.0260619139195395	-0.4254360780492964	0.23923183485042437	-0.40713150788869407	0.04468158555561651	-0.3400826762123662
-0.004570757402672099	0.5068725810495667	-1.075078166942471	0.8615849082687729	-1.196042846826048	0.7525265980753554
0.5497157152545676	0.14683880258028928	0.2749179063637219	0.21214419787039301	0.023567124165476964	-0.03437760958482764
-2.181622492492065	-0.24478301725932716	-0.955957437299021	0.9257353492581825	-0.8932820812787664	0.157808154593379
-0.17515798813070227	-0.03646851825712125	0.16254174500027824	-0.12924983122740927	-0.27946816065005475	-0.023922931251525822
-4.78465603678294	-0.7926467866715557	0.6237960123258992	-0.00022573019250068883	0.45620623955050876	-0.30375065521844324
-1.8964325887400768	-0.4749918365134557	-0.5781821454580275	-0.0870077870398666	-0.3153947404786844	-0.4083915733292427
-0.17330537688714864	0.162207539157699	0.20922179451571174	0.5524587711515886	-0.13575512150318653	0.3454433513080164
-1.0554178534220067	-0.33940063339394616	1.012174178952819	-0.3957423679298724	0.9080314279843114	-0.35055975587322447
-2.4687059749699944	0.002330054380882698	-0.7170057258926589	0.3174666994122099	-0.8039015643957562	0.23729057319788585
-0.38876591723250453	0.23812048395099855	-1.3402630483769813	0.18978106481419024	-0.7116284890623944	0.08680575357646551
1.196874794166598	0.4478597605803701	-0.09568470916724657	0.4764620648608419	-0.09685402478095043	0.5391612424365614
-3.995770716197306	-0.7794955318645084	0.7097932356901495	-1.32874834634403	0.3740421959581467	-1.2864600007853086
1.4527365842419728	0.8324820146121099	-0.08904670137130576	0.059922064946009344	0.14443129367754398	0.339151484449087
-3.3975608667285946	-0.5463180303999049	1.137991987978726	-1.0572566413340505	1.165889967088732	-0.7889973239786447
-5.392735151870523	-0.5410414398899093	-0.1501524252609677	0.2645975201567376	0.340126683239531	-0.04327090754935863
3.3054490006106456	1.2110205314331972	-1.5180774972202329	0.5824952498946413	-0.8707971775504663	0.7351675336756835
-1.8107459317790955	0.0282483692317293	-0.6187031344564947	0.8255111347444307	-0.12939487963398183	0.30842567765304185
0.8624811416661131	0.7096416531790439	-0.25928028786974455	-0.1418498739332597	0.02953782944415526	0.09944287773910329
-1.6746807468020732	-0.20854563867098505	-0.1390171791970429	-0.17712965569656994	0.5498477445872653	0.08692003265133388
9.410416282632282	1.8876244743947357	-1.9858537109830328	1.2921566843755643	-1.788226830905308	1.6594482876384675
2.2942759445650416	0.20033862277026107	0.20001945005153732	0.12883398555517253	0.2577658596379642	0.31811115678789714
-5.613794786189187	-1.2633675558467958	0.8706779585725735	-0.5463750327287765	1.1377548496498917	-1.060999180821754
-0.5378750601847705	0.3972739294731992	-0.13731130674593908	0.5184215942572954	-0.8841917108706409	0.5026508318171254
1.347121428465206	0.054919432094869845	0.5243989925657714	-0.7080455781389955	0.42184041190731497	-0.4513870694136332
1.4737622892560234	1.022228977244111	-0.1599344814453539	0.13999382553477308	-0.033422221599833796	0.5060043176915449
-2.0954596941638557	-0.47316819161997287	-0.3903130723581074	0.06289864881345346	-0.025133465725895324	-0.4552607476130452
7.459333472080514	1.5354721502221806	-1.5463554651430236	1.6932722800930782	-1.6462726499998859	1.8104307328605254
4.189431120337104	1.1539646709467448	-1.2905385681052428	1.6350962682781907	-1.3322214033863446	1.487438454089982
4.866726190990742	1.452209534675545	-1.2617906736171185	1.0610866651022586	-1.3126031652317334	1.3311748442499534
1.1235717234407239	0.18824564566083002	-0.30264090293435914	-0.11423502686318569	-0.3344442742471235	-0.27207826324285533
-1.142792254475698	0.3749638044712296	-0.6822576990202016	0.1620342864925905	-0.7306170386524318	0.09801355011491696
-5.1955980505036425	-1.1126330373835704	1.1830699362780388	-1.6771616290604698	1.752948081584983	-1.4265921906257995
-8.082850408234876	-1.5140617563001362	0.39509515009315604	-0.29142445173987036	0.2959857509037676	-1.2284051684350255
1.3401795693332736	0.23132161670718865	-0.12617454541422427	0.7610976501277618	-0.7959897682879477	0.608399760506296
0.5482215465140798	0.13216844743787348	0.24936524819559958	-0.37907747836313516	0.24782675780811567	-0.15710337179902176
1.5243294314365858	0.5648251797928256	-0.7327701980178013	0.6474546362140499	-0.39714328470466254	0.389210719140633
-4.793392850289349	-1.202652105493178	0.12415086252345302	-0.6918301479721292	0.36534568124467126	-1.2821220803335724
-5.289425213089001	-0.6046901774906257	0.664685416965662	-1.0050655947440434	0.9533720271243623	-0.9343581056241465
9.291831816038135	2.3069346334595457	-1.9529558732400207	1.6966714837100225	-2.0326732567674366	1.72270653245196
-9.765154491073003	-2.59635468481643	2.9946558170166493	-3.116229692681419	2.9924768358026212	-2.940705105408289
-8.428810689588522	-2.0473541301387077	1.3213327755566602	-2.1258634810400596	1.964812574756351	-2.3407268205733485
4.168438293617267	1.2478240810744696	-1.0865302958146639	1.185958889048996	-1.1721701692592763	1.3583614149096892
3.195405114691527	0.646427779992602	0.48444126947241106	-0.17967130384038932	0.27050848132107463	0.10080526196869907
-2.803391915065951	-0.3830261650353261	-0.7243999529965696	-0.5500893674342163	-0.2019382494184528	-0.6365943847637072
4.198885620672268	1.7382758055744982	-2.425586514355515	1.8825073288187717	-2.2781088418876836	1.9547804480552826
6.278137622694274	1.4361506289218193	-1.723657270854759	1.696949722142201	-1.9058593844531067	1.6523542941936467
-0.0382612597512082	0.46957820122231814	-0.7367185535394558	0.9915071882373675	-1.0602003515482685	0.8278038632885822
-4.007690947656229	-0.5001995240956387	0.3182586395571792	0.027954428808396794	-0.0915237715229204	-0.5203740046084264
-3.3005371555163467	-0.8917362950107507	1.1518139156056206	-0.9998228076435804	1.0221581717225108	-0.9141171166494088
9.15478879645231	2.2550645225039645	-2.61204515145405	2.0516739510755557	-2.584075407737967	2.2387079872135356
-2.770888209394429	-0.3869156785006345	-0.00402392871203824	-0.20409648914411302	0.5362159460794268	-0.674030670138435
-0.5473392045603336	-0.2584540369278494	0.7289235681400345	-0.943588733779132	0.08424718986690345	-0.7032911619401621
3.933974515049708	0.8806570327665131	-0.3268584109058704	0.21177395612506297	-0.011825052587308729	0.4663265222785905
-3.0426200532576235	-0.4406597918924293	0.7523169395232466	-0.26700034787117677	0.5145707705485189	-0.0732906195469344
1.3744094030191052	0.09901063206272079	0.709759409478014	-0.05849244704750492	0.4835576235687012	-0.10689664369225689
5.686702603668574	1.5488834471856912	-0.2352999040515347	0.6356279369457312	-0.45053901591020973	0.9747217409895593
0.07029259157711476	0.10254095365661188	-0.2905508784692242	0.7852339335103157	-0.1043101895984655	0.41404118706561205
2.5601498132544087	0.7037751979986904	-1.0028786194956083	1.0383984038545069	-1.2629644466539978	0.5707999043152707
-3.302796940749521	-0.12565509352677773	0.36372658046772766	0.18472860631996713	0.04193103646149612	0.26435877341434566
4.9551445711783	1.448512003090949	-0.6295302150400879	1.260978861565552	-0.9065927483825731	1.4943077025980038
-0.2009923393791302	0.5580180519544271	-0.11751505361774599	1.1886234982742439	-0.6701827601928083	0.9069180571218305
2.963783913091258	1.1335754273445398	-0.8040522568948189	1.3229063093444358	-1.151905207671186	1.2698579223489581
-5.715757056284301	-1.612245399795141	1.549400605626616	-2.127640047463472	1.534297704238919	-1.8432958388326939
-4.271835059483277	-0.5749015205860933	0.7133529580879974	-1.0788913530634536	1.205056625183163	-0.5987070074861919
-7.037622531311206	-1.793575662724435	1.257969519829201	-1.458282959856024	1.0587768223842557	-1.8267563883947955
-0.4274862794644704	0.199408889406398	-0.5559218221947253	0.560104809872262	-0.7292040526112213	0.3005767471269261
-3.747413458305035	-0.6470190011048315	-0.09325123991149903	0.5469393164842284	0.15201910739122768	-0.0979035768183484
1.814817641334527	0.9223442501946754	-0.4511716573741421	0.589083716684766	-0.5010733208847785	0.7941436394167704
-3.191703413765268	-0.5400322920521349	-0.05198537819436919	-0.16298287099149036	0.012623371824864059	-0.5786481366159535
-3.4821353113415903	-0.34938887641070465	-0.353171190052845	0.2668414762748833	-0.14403035336537778	0.10580119791412192
-1.8465183209553184	-0.0799482734463026	0.05201226197853133	0.10995124541878296	-0.031137315187648073	0.1616888711218016
3.158474572929885	0.7723222955496623	-0.03305878574785313	0.10507286001774986	-0.0077239751263497285	0.6399815297214225
-2.647135992086194	-0.11237257963422005	0.262668528110952	-0.6999622887173459	-0.07185053480358146	-0.6698552778743931
-2.4217671976577138	-0.5443566128900081	0.7631181728911771	-1.008882979818227	0.9959961196222324	-0.6681162224179495
0.03234377115221998	0.09429348689844108	-1.1259874902794689	0.6832528262005371	-1.0015245144233456	0.311437361148026
-1.3706434058859895	-0.18134753411279494	-0.1747936970571245	0.5687489796517247	-0.23912323053447768	0.07112507254228871
-1.5174873458885092	-0.005054033393254645	-1.1527087716205788	0.3158842744318297	-0.7244596221403165	0.11744112740176076
-4.597811574263579	-0.8505410093795057	1.2100303642104828	-2.162643346368355	1.7211879729815336	-1.4483497280195194
-3.0330349885414467	-0.43243683600155397	0.5879857832981616	-0.7164325399319857	0.7766311861198433	-0.5725754919201881
5.186595449438933	1.632224307463103	-0.8301538912239665	1.6269769365629776	-1.0819296306938364	1.6982892907844653
-4.361812535109793	-1.017176610060124	0.8923100576360535	-1.0077856476940505	0.9344332118159928	-1.0162319618430886
0.6213023328028806	0.05426905001714289	0.31261541067680054	0.2317022405276631	0.25606849849871416	0.24137856269060123
2.6015888070281754	0.715283040589893	-0.8411921216117486	-0.10972766629548868	-0.7867037932350041	0.5196692226982685
-5.407169664126923	-0.7907026929520219	-1.923369979662578	0.9987331291271925	-1.316923012154958	-0.11205847076117258
-2.7394399562615206	-0.1829649387483145	0.7575366408616526	0.3406759841795273	0.42240008931518086	-0.08364427825428991
1.8139710464749756	0.22699673367277787	-0.1920401733580553	0.3997471646398428	-0.1446612884246613	0.09230875289599387
-8.026070553874602	-2.1120811994199142	1.088003245975191	-1.6789288102444202	1.196829221045847	-2.1054597095616554
4.25333960321217	1.4657127777135943	-1.131137428029103	1.0621632855686693	-1.322681354226034	1.2422698922088937
2.5510311026604295	0.6490669567143951	-0.9667454316535543	1.1017818959639043	-1.1703724526942856	0.9946499794272804
3.0211233844571725	0.8081819826301371	-1.252928085451697	0.9607799651935857	-1.367178933630276	0.6840628722529634
-0.8938801327142302	-0.05183442818521307	-0.6117196948749157	0.17846317904815684	-0.42495870096878946	0.18617339253815718
-6.2424675832007015	-1.4032495596952614	1.5838246556650126	-1.4562355805806773	1.3772718360413714	-1.3110953223224888
3.9884283285672346	1.1645103107299768	0.04513272966801519	0.4901929148622582	-0.01577706877997369	1.0463752978594436
4.37836991252487	1.0266761701301685	-0.5094671872066159	0.4568606140335627	-0.7501038811350648	0.9683149710976222
1.1307777647083634	0.5569550775216807	-0.9937523988766769	0.7276923372396559	-0.7318483838852429	0.6723009319352612
5.463819702906139	1.4909628836727116	-1.5252273813450046	0.9292985723410602	-1.4694070805986619	0.9452237087757255
-4.5438535035829855	-1.0791409420825195	1.2119237264647356	-1.846227119676878	1.122531738800087	-1.5714231033015025
0.636981259850053	0.44820083195413535	-1.5160105656406249	1.2431524154264864	-1.459200817342739	0.9254052914993707
3.22033772468704	1.1709795157060783	-0.9126506733692277	1.2856268678290068	-1.3579165243209763	1.2712867033301836
-4.1071907024407865	-0.6854682574448749	1.6872809791491747	-1.5241673586452655	1.4450459771993776	-1.125175879757313
2.0517394453801625	1.1695806364103998	-1.5034262896377366	1.405840133848028	-1.368381518416587	1.1395646309062522
0.0824760578225705	0.7809732015305255	-0.8681552235554867	0.9820902134207649	-0.8535629328476928	0.6973646319034952
1.382677388065283	0.24998423059530972	-0.8466028686933202	0.2679674462012639	-0.48817993371064466	0.05519109405561083
-1.8516609087811422	-0.4479189729359433	0.2324193111155015	0.08217687360199848	0.04435433645288875	0.15120857386536707
0.9439617940524416	0.7602726739615204	-1.5143607297694066	0.8193036772804373	-1.4659658121420278	0.7026456061132941
-1.9876174754573726	-0.30253095805894925	0.06853933310614707	-0.4622862294807481	0.0023239034937919288	-0.29741192129658367
3.0161927393668617	0.801962647300983	-1.5675871085061723	1.440717017470723	-1.5991006465852613	0.9852674965210543
5.2536203692488606	1.3748321965625965	-1.4818841861131038	1.6488489016754093	-1.5692104122106774	1.3626340400825712
-4.2531411411712305	-0.3844978954613146	-0.26146804052362954	-0.08185502585856658	0.07001094316103468	-0.13068878612635373
-2.3693220722907	-0.39864570587524395	-0.4273371363096926	-0.8431439880537502	-0.4865472079634569	-0.7962205388166772
0.08050393177782045	-0.26012548497438603	0.9424353142090593	-0.24898813335696712	1.1242289435767412	-0.3679996082414551
0.5093810139177011	-0.12399740683210624	-0.2588527003914735	0.0012243436313903277	-0.003193619890846528	-0.024674409478642006
-5.449008950980965	-0.9477811379897811	1.121169441810371	-1.238780261480373	1.3961297628062728	-1.4683664142335757
-4.5850319931739545	-1.0765198108260758	0.4661026967706505	-0.39911993030980325	0.5115191411856417	-0.9622845570185439
-0.10594114158842033	0.24907131840239616	-0.7391623765588593	0.2903972485951575	-0.6794751971015964	0.4764392692164334
-0.5601462150996355	0.5026784905876389	0.10603380444489893	0.20875168221702084	0.19877657051377662	0.219699704576278
-6.3664915653301986	-1.1674900998899163	-0.15159804315024988	-0.8742601027843697	0.5473248496069016	-1.3517101763024657
0.47590837486335524	0.6673502757937424	-0.11744051398264824	0.2953868428890918	0.0724735737511574	0.9396283225085661
-1.817456347401163	0.28119343714398937	-1.3087981255113448	1.686635765084703	-1.421631951925257	1.0244351085122982
1.923217360054152	0.8720929091336261	-0.59498768623735	1.0602083390190538	-0.7176318675560521	0.9949342714160273
-4.863290109458298	-0.8008436283435938	1.0375344925715135	-1.6135476953700103	1.3548388050590414	-1.0988329062936701
0.9594811761225985	0.3469874042453596	-0.35247359665242994	-0.5067661289670328	-0.027415755988264734	0.20241503345889175
3.472496612257457	1.0365957165028856	-0.8489316908581684	1.4240188388075485	-1.1974598643087884	1.3073751401084732
2.278980260352694	0.7737923443254006	-1.4584128139466361	1.6150296494330627	-1.730008703306416	0.9712177842090659
-3.8735535272331485	-0.9557419238211059	0.7669213272094785	-1.3315248057263944	0.4679914222167061	-1.4592316547330533
2.8098404351449044	0.7281029161116853	-0.9524444839400448	0.9225647926820819	-0.8253203978663973	1.116779176345553
3.002314541938524	0.8913536128635574	-0.8311164392981797	0.8492587324329312	-1.235760899653177	0.7609109980523276
1.2126900291056528	0.2555596669559199	0.9369173766356083	-0.22960667489211964	0.38840467799333933	0.11664864166504756
-4.083240164373738	-0.9258929059454821	1.3435237628260899	-1.3614560923225512	0.6388569571734422	-1.0901945133307445
-0.7563037041917973	0.3790454370790814	-0.6541449176279579	0.2209804814877444	-0.16945741810099954	0.38607474586067075
-1.284395029493084	0.21260132131260007	-0.27830605428617294	0.02455850124170405	0.30747841203858717	0.3699300682154859
0.07386016156461028	0.06653767502225134	-1.0351112569628593	0.7274256800847032	-0.9575706375294813	0.1258618281520391
-8.594670949137507	-1.6087685926843414	0.9701331216525324	-1.2882602873913986	0.843240811983327	-1.3467274438232306
-5.031383906297493	-1.0772299862927688	1.7155841334252646	-0.9880569765561928	1.1277019253034353	-0.9098763494996842
-4.546329517406214	-0.9415853170408192	0.020181850151724454	-0.8217242820577633	-0.08050037365707746	-0.8379834475533319
1.7747944761340761	0.3960948648818477	-0.4790654850095063	0.6500359778627108	-0.4255089242716603	0.7118307850196173
6.9619513842528775	1.064215893539396	-1.4716278596451633	0.9160192463022051	-0.9044254819068784	1.4679012576184756
0.7322436941749918	0.2732373375271073	-1.2505718408969717	0.7619568134426435	-1.1370523916893467	0.28500086285235215
6.445496616928324	1.8823961446760926	-1.288534057243593	1.2760336199922961	-1.4109448964134153	1.3904173053570716
0.7651325220153776	0.5333953873585706	-0.9653809009629468	0.19812083906075112	-0.33593634785412013	0.46670687817964956
3.1106425655696945	1.0071846045761719	-2.0451573648020775	1.7855561326832285	-1.5620241994232424	1.1748161353711175
0.2350011928936113	0.29071457195812334	-0.3872626506439492	0.08935566600622888	0.04572232227011851	0.3822258645561902
0.688990965849976	0.31118016111064445	-1.3256445367307967	1.0479500693803971	-1.2017689020350968	0.4434892911825899
3.5605093206271663	1.027812228407148	-0.6869206834269445	1.5771743843076695	-1.001349037342776	1.1384610331805574
0.5924635700127323	0.3898957796501807	-1.0978550737284796	1.1295553361447093	-1.090650999381856	0.7428824679863265
-0.07705254421773233	0.5809241781022689	-0.37708249081173983	1.156909031594458	-0.7334681225440881	1.0508909145300427
-0.6385497156492422	0.3705345483527685	-0.8977351152265	1.0524733569821634	-0.970600630641164	0.6907976655032052
-0.6602611135729324	0.32168151022330244	-1.2907638630070257	1.52022476718825	-1.427255869038211	0.8400963587486883
-4.879369850098606	-1.315429507678662	-0.000521642945883684	-1.284385198014361	0.9005500181313055	-1.3829204113295313
3.6243526988925012	1.347176197981354	-1.5781332404072952	0.9985350346981451	-1.3665898794325404	1.0255809176338075
0.9571457753167014	0.39270307303106095	0.19945828905438384	-0.021231291931838977	0.3478642226765063	0.3554371488570646
-3.9049242099618415	-1.0070088784317794	0.24780367892613048	-1.3599836388254092	0.413773315721446	-1.2551807524375966
0.7486253489726198	0.17678505180694246	-0.6871717349252258	0.528441517910831	-0.4385776915162814	0.46918279859410417
-3.9798893369618753	-0.9987197664624992	0.3119658086358893	-0.1975289920593171	0.3935680639662738	-0.47478622018967526
4.169410575747268	1.0903684408134373	-0.7911370934991591	0.5121088751887999	-0.7388645425175002	1.0431107049631885
0.21505182113952281	0.1120737536336749	0.47533557537341453	-0.3774833437700952	-0.14795400720800764	0.2361387289936227
-1.2470725570655627	-0.0490896506540606	0.21265472034219707	-0.5669273098889629	0.027499175087864352	-0.30257858158186557
-2.614517763569991	-0.0005856915793226129	0.7456448805035597	-0.7496893205532402	0.6227515953142898	-0.352689171925964
4.3155977967361885	0.983084472301732	-0.699133268324324	0.510702832028316	-0.6977130570198817	0.6839399134888953
0.3412917342193267	0.3041582952737455	-0.5008500554611645	0.061134689035202965	-0.06585044992327008	0.1778950404685168
0.5771819893059368	0.45836923965485943	-1.0254959855688832	0.6957812545288968	-0.3271071653959283	0.641916760894191
1.0157782919895544	0.8623573300976294	-0.004141210873638138	-0.3255700032013143	-0.4197895077437641	0.4602157580579532
-1.644041857254634	-0.5965384358278946	0.36017925706645876	-1.8049246688709966	0.6697441960856179	-1.6993535730730354
-5.034225866432163	-1.5593413639117748	1.892393944184882	-2.0013024186408854	1.628524812000324	-1.7940951200831592
2.4467584658890664	0.5135515021562834	-0.2628866854375929	0.1707271931899758	-0.009491963826599042	0.2755217827149229
-0.8660025270250983	0.12798532340501553	-0.19004284637087127	0.46301144266441974	-0.1558060924480035	0.4140198392867606
-2.6492848271552356	-0.5044268327187151	0.1424736771437192	-0.10619294583879427	-0.16505150351028516	-0.6785477657883999
0.8010036338209986	0.2739420943779836	-0.30968493271636366	-0.42770254898269433	-0.294056815028092	-0.046942759366861056
-2.4805936354020575	-0.7026362808080273	0.5515303193909626	-0.9772486178774622	0.9937787597956211	-0.9325284659944844
-5.314142741161142	-0.6344673141122714	0.12772280417501525	-0.8264343055360401	0.2724936610757383	-0.6678079709066358
-5.777765941257549	-1.3365907975049676	-0.09103183360169381	-0.1420106686328743	0.39588701582066305	-1.012152500981678
-0.3359630607270095	0.0781723881470937	-0.4786712863113073	-0.055960121448251895	-0.023488986075387016	-0.00810206128019171
-4.550891437840001	-1.2449260043636272	0.7970951609080719	-1.1908491438796918	1.3886598862267585	-1.3112223661243658
1.6463475960305733	0.6114886020893752	-0.05259525436507487	0.47135809047179983	-0.05612211067149879	0.5136667038630586
-4.701405748403616	-0.4040066488729862	0.10196260096181578	-0.34187472775453187	0.48423300509820555	-0.4384069111919586
-5.19628764848915	-0.6384587566285419	0.2812439620739352	-0.3005456024057668	0.3304539758484478	-0.5682430234403503
6.767332243465235	1.8007242811055613	-1.7603649932245173	1.2150002774372373	-1.3876466766120117	1.4407780820238432
1.949492776000844	0.7438301701833842	-0.3845778766058501	0.2057014059572679	-0.03681084830918743	0.39509629810906427
4.452095255583772	1.3679560837212925	-1.247573648031571	1.2750658987489072	-1.279378752831897	1.4072232309258685
-1.9415252400773864	-0.07544276789441019	0.3689902683480621	0.2570188211741336	-0.05461421057413533	-0.2672530721210671
-3.6014135017156588	-0.6354981897981911	0.2804937391203484	-0.7435332613665178	0.17168416856107951	-1.0636170667929912
-5.585841342499017	-1.2178306016107523	0.4920430463046093	-1.2310033785041212	1.5418737265969151	-1.3523648646050859
-0.23583014854958984	0.39463131466179396	-1.144431665104743	0.3627013715524157	-0.511477347169383	0.2792144620918516
4.363025230649263	1.1885481731874652	-0.374977539144106	0.6276075905777718	-0.3923777261487469	1.1109317305011424
-1.4689718168690722	-0.1733300245319795	-0.3475547118965362	0.5302971076822477	-0.23511874174627104	-0.0539667884465102
-5.132921783130056	-1.201402659316211	1.2600964794740384	-0.7375019734327021	0.783985739590768	-0.817911769915127
-7.578872491322647	-1.7993446111455547	1.487169990843319	-1.204598773488966	1.428546423139989	-1.5822189214397009
3.3895679067862954	0.9160450654144048	-1.4674965215209712	1.0831460799386148	-1.5587426780012212	1.03183699381159
0.22338154101186591	0.173131822234944	-1.3394011163346835	0.39538951882021456	-0.8045729505968156	0.24216758011878747
2.347940684606584	0.8328900211915272	-1.1755712875508408	1.1290725281473746	-1.1437061986902213	0.8951090143489324
6.7213650219291585	1.2115622424301786	0.26766371585186916	-0.5418755232612926	0.21257738706216756	0.5455693559136079
-5.751701349812587	-1.018409415994591	1.65583551812129	-1.8769049292642326	1.317086373176617	-1.3458076355614044
7.989079191501271	1.802636961039008	-0.5441261424405022	0.9213355120533493	-0.5784348568546649	1.768767105980307
-2.4893732838285856	-0.3869509132690009	-0.12489997222283551	0.07267017658762462	-0.09768197401952863	-0.21323702103522854
-0.03720353734876691	-0.17437748906094946	-0.23702777272353004	0.31738951324611825	-0.09165722775396841	0.3078732970576278
0.9867752525347233	0.29470237401565885	0.6202507423595105	0.2593675587386011	-0.2515941958338252	0.49621203478689707
-6.790582318906136	-1.692665146396824	1.8346288398248467	-2.532662050342448	1.8744108237757042	-2.219630153685846
0.3383513151404105	0.36102941568071956	-0.47849781077221926	0.5505933768134165	-0.4016446835752651	0.7599549058659811
8.528941720218489	2.1898265753983672	-0.4915490441353196	1.1045094597022562	-0.7988873592801304	1.89901653979654
-4.188142769293727	-1.0072264337529317	0.7154069922033037	-0.9491934027470966	0.8176444243606767	-1.0065615202726708
0.31318834092027537	0.2124300735998268	-0.8276904288102236	0.49534829230687033	-0.8391193956574735	0.2699087450266073
-4.201987098324348	-1.0116258807343435	1.0289086060589074	-0.6362836555326474	0.5336350774678041	-0.8935104993470886
1.3685338689675308	0.36951985306210666	-0.6443117408763428	0.5625943431096627	-0.7684739969676002	0.7766729270381384
1.0487254834430402	0.26794635017943735	0.09636578840444215	-0.36860053021467787	0.30480555597246395	0.3286102767053545
1.222291564615103	0.8138892854269023	0.28036455445832714	-0.22831961668032807	0.10747563511221069	0.5885925555056066
2.66285836631447	0.4254290920289153	-0.3866012091984057	0.5208815157777196	-0.41388964410810153	0.3854785129100519
2.186545386879186	0.4313607217426604	0.18862390089920544	0.18566074349062003	0.25783180422492896	0.5211545150452858
-4.1257273929104485	-0.5332959667303249	0.10601271114761715	-0.1532896586804784	0.41042370472612694	-0.21798824607100786
1.0701109677510436	0.12790830858155228	-0.7045088666962603	0.5485221876843258	-0.7809629045163707	0.3880307542495945
8.96991028929906	2.2751954485809924	-2.362493356616671	2.3160320255284295	-2.8409442093820267	2.081937158203366
0.5131486291307865	-0.010816777841280902	0.11203212957356755	-0.21946896216945813	-0.01294396072987125	-0.15696421873675379
2.0241673529589	0.7958968286113879	-0.3131341649316361	0.14380144170846854	-0.15417431500805223	0.47014321037808104
-3.6864506745889996	-0.875907210634604	0.6793599734813174	-1.0858277336387674	0.9567503252493224	-0.7820074924445977
-2.525715461658936	-0.42776978603695914	0.642285402660279	-1.0857041560698781	0.9445382138390878	-0.838384816682214
-3.062465211391455	-0.5131166222843481	0.40922893461476506	-0.23481340894431357	0.6828518166792628	-0.15515914036708975
-1.3597313047172435	0.15236447855860027	-2.0434963873551686	1.5375812062576593	-1.529711784498269	0.6056854338285664
-0.4152888479739859	-0.08507425356763863	-0.36819079940437505	0.44806038935779474	-0.7482563374105673	-0.07186052133898174
1.7927067500280072	0.8366170990007191	-2.190003982332075	0.9035469389600439	-1.7887602956120878	0.81110987884694
-5.058083070174996	-0.7263909706131998	-0.051599997907187625	0.13593155381402197	-0.4018859577986161	-0.254167825198843
-3.682241492937987	-0.638093928537742	0.4306852949499974	0.1193677439653212	0.7678190709874486	-0.27443324920447615
-3.4783076894528326	-0.3963637684994909	0.5017859436137204	-0.5036841075354274	0.5636497485815526	-0.17934016356700233
2.5776663702922304	1.0547245653763169	-0.9328580077271852	1.1909185134878844	-1.020303088778557	1.138838200641029
-2.774457414049388	-0.014777116400868278	0.0013112951057894292	0.23429192258161421	0.026705323120486454	0.13605949399402978
4.539825280756489	1.147709317111589	-0.8638898940078606	0.6742885217304639	-1.1207371835337998	0.9549992560252538
0.6689083008346199	-0.06261000354609933	-0.5186661430085617	0.16111457760003114	-0.09303543440777934	0.11040811963180307
-0.3889038079099578	-0.25770738766057266	0.6712372257570111	-0.1802681534497058	0.3664917884484639	0.07284839245305845
-0.08851524498110008	0.30995272312891203	-0.2448270051100917	0.413596003676895	-0.3109433607864233	0.5114543426786822
2.82971775150421	0.801738957351663	-0.8095060581961936	0.3641803014120744	-0.967043971925501	0.4858582171825387
-4.923173005182061	-1.0913713204090192	1.7983428992840291	-1.9295572153000764	1.8251526636192899	-1.723878957947924
-0.8815563539901323	-0.19470013188709956	0.16869356967012483	0.3720965412599342	-0.08093439389567611	0.29000438963972275
-5.5954703302893645	-1.8029126773910154	2.6635947912197757	-3.088719184884918	2.4087461823315137	-2.439524239647854
-4.446648253861078	-0.7266933996970976	0.3081994246629348	-0.6214821933542155	0.2584954809684373	-0.2549871707515849
3.234689632469999	1.0446354815822922	-1.3535153505319388	1.068481225562015	-1.714541243369941	1.082115399264659
-2.8352731821894586	-0.33755291313341856	0.15513032949838432	0.23439062359774995	-0.27049510331719945	-0.233428083800312
-0.015265661281880227	0.3726424116282373	-0.730020479717647	0.5355951734436849	-0.6998804107852171	0.3578651605294331
1.8363333285715353	0.7756509444018741	-0.21005629845813595	0.5839675638520302	-0.24296003356052764	0.8822782156824237
2.40902153313181	0.3909252669343686	-0.7811006967735314	0.2294000768746253	-0.2605872287221513	0.4100341418523097
0.7799680290249021	0.12967504106531463	-0.6712683024563754	0.5468102738847999	-0.4416000829678712	0.360502943977376
-7.312366879634724	-1.7636547733727206	1.2234064138194636	-1.6743615465317474	1.076011137284776	-1.7478423929141704
2.3444701969318533	0.8708897472132604	0.4958822798127101	-0.4956671405896223	0.13434382365298386	0.4970947720133539
-1.7033509722827498	0.2779710605773137	-0.27157718750101595	-0.32613692101583247	-0.16490666085940897	-0.09617928262914462
0.20002385745283074	0.2318150792157498	-0.7281858158589152	-0.0804242996384024	-0.03960827672622651	0.306878685704491
-0.6856886274687508	-0.04502251687191609	0.09517308145419572	-0.17642322379023356	0.04754960346244729	-0.22232778042596746
-3.457950323008824	-0.8451233132537491	0.09716176299249281	-0.21276580583060395	0.09404557721652192	-0.6413753719557421
2.9426769787321243	0.8111024781296519	-1.1284077974842261	0.7367784446957928	-1.0961076787092194	0.7389375448063717
0.6430907116698152	0.04187523405254804	-0.5923125360255035	-0.0456632104918912	-0.4652218421460066	0.12173371375787809
-1.187524056512265	-0.08522194436349535	1.6337417782348065	-1.5011218794022323	1.4456099163076461	-0.5089990448019027
1.5592668875296387	0.7002987974000313	-1.0343181493952902	0.8036943046936804	-0.4453740594978937	0.8007841544691825
-3.6923653626171538	-0.3730406244204636	0.22107958594960875	0.011009716871629011	0.24534227927263694	-0.07674023323716146
-0.642557994634271	-0.08912392650482555	-0.4833966335540731	0.9408105250419431	-0.32181591181521507	0.5407707513545982
-3.623699356552585	-0.4643788117534052	0.4317048815186336	-0.6016835846479728	0.5298000339228007	-0.7692132048213485
-0.9680948028879188	0.12886845957517962	-1.130660121476185	0.6775392976881044	-0.7825011511200833	0.34816870888959933
1.5758550524871575	0.6921506529353731	-1.2269336572183493	0.9679700066754942	-1.0015802452256677	0.6232883716111812
