0.128153736644955	0.0226415153405967	0.0673954977980781	0.0523990916869951	0.049048874052048
0.0814156871586855	0.036092065431606	0.0502166439204184	0.0579317337544574	0.0287436678080968
0.083918545432154	0.0374930274310822	0.0780509778938174	0.066022363573081	0.0598012336555017
0.117055618416111	0.0426130280340927	0.060800019192378	0.0520734229270041	0.0443780915824324
0.310911215933548	0.0738551986187318	0.413763871714923	0.2045804860195	0.234479551956252
0.131440072232492	0.0193911295789349	0.136923603176227	0.0727517157952481	0.0619574370431813
0.115840080548891	0.0569785805561315	0.0591363967007204	0.106184068515388	0.0802675910114906
1.1088126749055	0.207433201856094	0.534504693447456	0.484152165115536	0.458916143685311
0.0812438572980274	0.0707324855192824	0.147558606291393	0.126437254284714	0.0416797599942488
0.131917743760804	0.0197347106343264	0.0719089424319712	0.0220747118420754	0.0542195187882579
0.0979063853508045	0.0204787125151738	0.11495828024773	0.0353455073664965	0.0634832546273084
0.0969099664561136	0.0189256353083985	0.156004485317019	0.0297153376874586	0.0553767126526706
0.0973298285808292	0.0225467695192611	0.0597133522361894	0.0404017646042348	0.0401068988983937
0.0816182801261499	0.0241884652286055	0.0501793835842446	0.0584036934849997	0.0296450905924677
0.139657113587731	0.0201050830171596	0.113705886755716	0.038002785919093	0.0663398459142427
0.0911683200780885	0.0688729126502583	0.242010363966279	0.153925972620438	0.0623812576866785
0.109741267386517	0.0232027042098199	0.0520734614761962	0.0434492013770194	0.0291084239995339
0.0913797031659694	0.0211807607414578	0.0752047101221519	0.065334855039939	0.0254628090764695
0.0832493457199707	0.0188653540092457	0.0616292844518562	0.0278230613086024	0.0294377236639472
0.11581406535916	0.0209504806877899	0.118775136073925	0.0217580323919257	0.0523328712842272
0.127007664908078	0.0708832403862605	0.233851816305545	0.150997271200664	0.142798415737889
0.103717862212339	0.0455480386334375	0.0817068060064568	0.0277957035482479	0.0393184218743144
0.082999180193908	0.0662326080103545	0.0729014707461836	0.105656253820472	0.0262047362287056
0.0809991644290917	0.0560854132076797	0.0687248115659745	0.0570321596714919	0.0347329128247243
0.22402670119598	0.0188823850395727	0.151141529018848	0.0387544663493921	0.105625609731324
0.118433319557437	0.0495641607130538	0.0662521708180355	0.102385482279497	0.0499827372573187
0.08120346420394	0.0541555294105066	0.172383779864866	0.165624751965635	0.0427913067102813
0.0856549503750985	0.0649809102624222	0.0549210686050508	0.130467604081161	0.027662473465545
0.250020263674925	0.0277285393436848	0.157290129801524	0.0785429606946498	0.088490816518516
0.0828626736975392	0.0602389037299513	0.0805589056947195	0.0965534710524314	0.0399488897004034
0.126135300907117	0.0188594959306507	0.108837194666846	0.035529389334955	0.0638292715088572
0.0945667499040482	0.0214574994238138	0.196040135945201	0.0289871658639755	0.0572209299172823
0.10712726727082	0.0633593191024064	0.120011365666397	0.113173432456772	0.0805848854811335
0.116466576439473	0.0533423900150237	0.078751344607349	0.0634068535461795	0.0481747964942864
0.0915660103201703	0.0637395982843231	0.0632145603773093	0.123368458456712	0.0343777967087629
0.0972664091456758	0.0360196754404921	0.0501777181332351	0.0810688062459632	0.035999445133735
0.202536029670116	0.0618377949986582	0.318941905355474	0.217181599744208	0.107346277451323
0.130618646572788	0.0264516576283706	0.124870643528033	0.0225128680008386	0.0758122183375405
0.0920013920123816	0.0194716982593106	0.0590965674767682	0.0485747201978062	0.0398231024524419
0.139950827386957	0.0208497560063409	0.12180054577607	0.029883768987231	0.072351461494884
0.0830205322667793	0.0195041795793215	0.0996906587648624	0.048409109905378	0.0354215552541897
0.164992006996844	0.0189152592700698	0.140779754169366	0.0240262781449037	0.0901594023241006
0.213586481740635	0.0685428286793032	0.23615729990491	0.175701478685745	0.185627506312453
0.121703308181512	0.0430482391690938	0.18188102167651	0.134418018372595	0.0639982471831728
0.0996413182112792	0.0566391103303826	0.0522468883387166	0.0918020296539433	0.0447333079158464
0.120583714484508	0.0819093134803082	0.173264881498611	0.15882964521694	0.0792007062243865
0.0994067273544849	0.0675615436625521	0.0531285552569188	0.0996645916749387	0.0394057659720298
0.127039837764565	0.0250204451983557	0.127792621726804	0.0222784709381709	0.0623246288541876
0.562045533064328	0.22144572763223	0.488168909500708	0.351199591642823	0.275910841614535
0.0834791458555961	0.0504822613822995	0.108001438528267	0.059216612666386	0.0402428090606106
0.218359219798646	0.1135474035424	0.315198140794427	0.269978831928139	0.143470216471075
0.0823161041352818	0.0189108817175663	0.115048928456982	0.0233390836194626	0.0390035848291653
0.0871224699681965	0.0245884173082469	0.0565159234458089	0.0687826830159295	0.0269814475676699
0.113197718901025	0.0322087788845714	0.071396041226176	0.0839734155404372	0.0545890130953431
0.136621904523504	0.0718658701136969	0.260440811508027	0.174000427663263	0.165240268281232
0.124117996326522	0.026090872311589	0.0907401615411175	0.0620803682679864	0.0496163677538406
0.174244075932168	0.0307759901052925	0.148657553534552	0.0722097809976826	0.087331144852202
0.0945599518500115	0.0695041202604923	0.122280906550965	0.116914948962322	0.066881919316324
0.0824447583044381	0.0439478576716314	0.0673416888238984	0.0753025587025855	0.0448899184030064
0.0816845468362431	0.0313139154399863	0.050203249919033	0.0872334336769278	0.0254703999482227
0.108258695923121	0.0319649357269967	0.144710910727317	0.0653101550110872	0.0457762536760247
0.105296718127342	0.0188988380763235	0.0801281576993001	0.0287910355472732	0.0493143854695181
0.162121556663303	0.0359471702752057	0.0581860029762679	0.0447957483288654	0.0611898239162214
0.260295474771917	0.0267318041068626	0.0701132532177783	0.0803670083147666	0.130412386425493
0.0834771950895054	0.0262001550927568	0.0552748045234597	0.0503768339495504	0.0287385254429403
0.141610163480623	0.0630708204612822	0.0964357644333746	0.103550865419279	0.131703660455873
0.174141165020943	0.0417646779794874	0.260529015750839	0.158355712123553	0.1118577484681
0.0831219183793626	0.0522871070785895	0.0512767074102721	0.0892489237797905	0.0254685056717439
0.125636988969471	0.0333344253896947	0.0503529997698927	0.0565873623972228	0.0463710885446698
0.154770353324039	0.0716706334127523	0.130838360944518	0.172691360772776	0.0731709252599233
0.285053589560638	0.0377885651332869	0.23935650855551	0.129968454997751	0.149182188960203
0.115693938615951	0.0190790277079528	0.13383604276803	0.0250690312620371	0.0716734271471027
0.0877416675717451	0.0596345190191571	0.0689992261639961	0.119895356933955	0.0355159859132839
0.080946735026388	0.0553618902952629	0.180440490640311	0.14269024478535	0.0686193033404358
0.14167223649708	0.0189985134932008	0.101059220487571	0.0315077298022749	0.0567749591519323
0.127805318937193	0.0192443360322882	0.117831355580335	0.0216937255704937	0.0578312135332467
0.142636997334185	0.025802056650469	0.184721848866884	0.0795972110493557	0.0842964801303657
0.145222520902787	0.0195129343222033	0.15039370494736	0.0244040219626712	0.0677772728725691
0.165544239620803	0.038402444271755	0.170277174555314	0.0847130767457613	0.0724691696671693
0.0858945908160601	0.0204526285997812	0.0518453222015383	0.066847023550149	0.0257868232273999
0.182157205775006	0.0190762904820194	0.157379766912658	0.0599813609391455	0.0820488364284514
0.151503102745573	0.0304657343092564	0.132375850805167	0.0770806660640609	0.066057349885329
0.0873475125883149	0.0396574100760572	0.0703164527815488	0.0682881358180626	0.0273196244085872
0.146039797207704	0.02622825089994	0.115151109128979	0.0409511731210881	0.0629119425406706
0.126969232154709	0.0588709048799898	0.0824424303090873	0.119541996665382	0.0513236741728533
0.294418147232142	0.066673837859654	0.21993479145899	0.186264712594223	0.21309216601807
0.219956713916763	0.0573965082525997	0.243315818692433	0.169014964658188	0.101741256809174
0.0905503130695342	0.0237656054795499	0.0514318278600242	0.0780548671346267	0.0435551994514334
0.0870604382757797	0.0188619886260819	0.0503703150752456	0.0368617623322461	0.025492698846392
0.0827830622344882	0.0201589401882386	0.113551538203081	0.0363762389130374	0.0287952396914034
0.102708466724888	0.0544749512856975	0.209833333022545	0.123116701088975	0.0840009864848553
0.113450821099296	0.0713951997553487	0.155418776416789	0.168025172824996	0.117578344161212
0.175993605673719	0.0197803353077673	0.124641261851763	0.0395263834736791	0.0707620715629913
0.0933610147833949	0.0419032521362286	0.0501546757083978	0.075949765124258	0.0267220379739928
0.0878296941771558	0.0205435534643043	0.0740364102875047	0.0381104252930841	0.027803125645242
0.179260603193138	0.02788004507026	0.194777671780363	0.109188517944449	0.0828237294717027
0.0897151683666163	0.0469903135407334	0.101275962397126	0.0547061855156946	0.0310800944783087
0.172036802137947	0.0206790977996237	0.135012413636956	0.0425784564111198	0.0971366856119629
0.11117343171983	0.0466329494555199	0.06541979032227	0.0580040521840297	0.0355489987886365
0.0833067148234871	0.0280046892869271	0.1411803799908	0.0687965721925125	0.0434024725443154
0.0810664540064227	0.0224221512632184	0.0608073779132352	0.0452140883668653	0.0310094537796785
0.197212766631417	0.0193293781837178	0.263870177939428	0.0224587816664891	0.118781257607178
0.103273768506208	0.02246770575687	0.0510534721462561	0.0331583311836881	0.0389193231446754
0.100018690984535	0.0223739260570855	0.123016548123627	0.0476191822599769	0.060024885649495
0.129789611074673	0.0198937096977633	0.11955368485827	0.0217886710705592	0.0604361117788336
0.096959117021744	0.0257934807735233	0.0503648085375598	0.0589004940517118	0.0310891201786778
0.0976320350597033	0.055074234623315	0.0707927319389165	0.104775949106612	0.0302642885205943
0.0902711166950258	0.0706243040449552	0.0961125055506248	0.121942427825527	0.0273672564053439
0.206045664024623	0.0293663496135465	0.1554867620423	0.0441734931602464	0.0857087629748393
0.128106737290432	0.0285507438212633	0.174383208961123	0.0456681023762142	0.0731279834190348
0.129751534222583	0.0304249288025748	0.155645616323253	0.0217391807301105	0.0691896917870147
0.152798189392689	0.0340213765441636	0.254188783000255	0.0685512177108317	0.120378968463525
0.318208156795535	0.0521738277077085	0.275456621832698	0.152555699341277	0.174237822470169
0.0885336967715204	0.041957777940897	0.0804616072946815	0.10542883122134	0.0599100124214821
0.11043053275526	0.0252022769754866	0.0501824444763525	0.0528732466969093	0.0366625279093263
0.105321362836892	0.0264801094189905	0.138412325394665	0.0358440435160161	0.0627527975436755
0.135690601118631	0.0357219977675134	0.193023986307619	0.0722135802555466	0.0806876518564912
0.127683820885154	0.0190558652771734	0.139308865949456	0.0462491008604297	0.071361178255093
0.156084021294844	0.0807391414532107	0.242400183234849	0.105090909891972	0.0921285482907599
0.299395555012549	0.0858520292720085	0.459823890975862	0.298267072210246	0.22529533953023
0.138076315282579	0.0227799062984154	0.071124362016258	0.0635381523632419	0.0592519956057656
0.127052682720223	0.0211928088579738	0.052976067749394	0.0267430551852676	0.0518962289874058
0.0876139422968975	0.0190446827493777	0.12383580505643	0.0497741010957867	0.0490090043345634
0.156424167202882	0.0257573978186827	0.182538738605899	0.0633075843047045	0.0786921417057664
0.104822882244874	0.0238575913110611	0.0869959842579542	0.0428563910486099	0.0498820977683315
0.131376292080077	0.0285507707725515	0.0619756879999139	0.0663487547894749	0.0596164755572507
0.106176295692687	0.0247214534832719	0.0561810244456173	0.075558015095016	0.0702022068876204
0.299690920194355	0.0714786988691614	0.119906862716172	0.154218242633521	0.15850491945602
0.0916952224942708	0.0209803500782701	0.076376489485084	0.0324500558448175	0.0346148419443918
0.0949252039253068	0.025994744479216	0.0604867672840341	0.0535447923659652	0.0311779218070314
0.130213225787816	0.0299998578074265	0.112702370425071	0.0255913823211676	0.0588067844208393
0.143778185048234	0.0263549786502333	0.11244987675668	0.0458920664120615	0.0587722240730584
0.0817497116005709	0.0325261047358339	0.0561363110724835	0.0846388596737163	0.0255125741660186
0.117397232828055	0.0362667766679656	0.0528270546310276	0.0511404670820821	0.0544776496821851
0.0852257509689911	0.0244355384846475	0.0695438968229261	0.0277691193676916	0.0255517056410813
0.0810332884529397	0.0663908909020803	0.077188011129191	0.144522302954609	0.0355060430228409
0.0816268415835228	0.0708747252385461	0.168428744078837	0.119373777049899	0.0338197019285505
0.0833896464362512	0.0714689505051511	0.0856264512955699	0.150534173191347	0.0278737845792493
0.0846474105769042	0.035410829667343	0.0649396929068687	0.0696172136211521	0.0266164432947979
0.190096082555268	0.0213547319718099	0.178141416344136	0.0268759133276213	0.104502648717852
0.0883732147934488	0.0214290529354022	0.0504944223955907	0.0490811077485768	0.0421423491980648
0.0972865671667661	0.0301372270273625	0.0999813878243654	0.0309887777750231	0.0524675185062987
0.0964758076101349	0.0228468466525994	0.107061595569493	0.0274255837440937	0.0514180764700018
0.176634275476195	0.0228341715369038	0.129112376656986	0.0235069344965894	0.0786157476168932
0.0809778685637501	0.0541629700197656	0.0519662475414766	0.126793301808857	0.0292719705620581
0.158823596884812	0.040818237152332	0.278008724326498	0.0892760109789138	0.0817816243708417
0.0813216743039676	0.0605221088434103	0.0984400508006403	0.120740115495026	0.0390601647300404
0.125135126080312	0.0191618405723433	0.113051365184265	0.0282485431391557	0.0595676959939752
0.149804370529646	0.0244538566734763	0.143687098369071	0.0363206751384338	0.0826056171228618
0.154036188155864	0.0375149326078269	0.21004824805357	0.0734905782331784	0.0896468334108545
0.115647979785476	0.0577565437692112	0.109357605124122	0.11332472499079	0.0656812991675641
0.0918447386992437	0.0272206271912236	0.0559109104799612	0.0657070856589955	0.0326595316951956
0.169824408470115	0.0208230887234762	0.11765498260847	0.0319409586141438	0.0684561347523649
0.132567467797019	0.0245129202705347	0.152108190183627	0.0223072466658509	0.0708165380102836
0.0966243616574299	0.0527742990000866	0.0864789792058645	0.0959494605260089	0.0279268292658223
0.129563868249583	0.018938237204205	0.0978360038021646	0.0284860606947135	0.0517083675746932
0.0872832737033457	0.0473169771366114	0.0970741150289627	0.106647578083698	0.0256483353514676
0.130058608397309	0.0688582259173846	0.157908161866821	0.145411219978606	0.0799727961019756
0.139975269403551	0.0287007277547755	0.142057906343421	0.0608117888448007	0.0695235386915915
0.179341608186653	0.0290522306430483	0.150188698957015	0.053841494744575	0.0967134562509069
0.237809248974807	0.0388551096517182	0.21478158861824	0.100533238279863	0.129988546926543
0.0815828851962322	0.0518590934079129	0.0870236519589069	0.105796308884022	0.0254303650551554
0.0815780911685932	0.0188665982562093	0.050380299519589	0.0480072449551946	0.0426184280843693
0.0817986551235619	0.0460279424052945	0.11018792715719	0.121557469198689	0.0389118963415541
0.0816215972470965	0.0274719370332193	0.0832155291885451	0.0593304793972265	0.0254483017757132
0.0810827124609934	0.0197876146020707	0.0685814678926029	0.0265570220963622	0.0262779690206678
0.0931948310969454	0.0428708141658741	0.0845934981095719	0.0403811253207151	0.0339504001531129
0.197936111856151	0.0219790425546334	0.0523336204732725	0.0631505482403956	0.0421061456046416
0.153937025556286	0.0273408531378403	0.165370344064386	0.10285841853033	0.0593110323123214
0.0854155008415462	0.0558043433747768	0.0501558487674221	0.0831984536877951	0.0268130159933688
0.260610779303533	0.0690589249771045	0.0827388278905576	0.139164714473873	0.115079445765369
0.127872752036978	0.0252936452593456	0.0504879265601934	0.0540056732300068	0.0344805211674239
0.0832387427607624	0.0215488590043906	0.12462548748437	0.0233431446975445	0.0573850619297548
0.0844767188592635	0.0609257731452934	0.0987044201186172	0.129095207042126	0.027330976800746
0.222372092683942	0.0510229175135269	0.186448109892972	0.117867163933864	0.115915137969385
0.0845091294085853	0.0211979566779586	0.0569377644611038	0.0238679303031419	0.031047569127815
0.272244081712467	0.0722541208468177	0.3447944149461	0.213778492772904	0.228887452848932
0.130187159953596	0.0218161478507844	0.165964339401647	0.0232783964959807	0.0774679048835628
0.0832505439774495	0.030389484380289	0.0556010796089298	0.0568466597560415	0.0264542267232545
0.113329710123947	0.0421611197260791	0.112401149205414	0.091404042632253	0.0560628874673806
0.150437307092007	0.0257256985596312	0.0959395790759149	0.0336996159285939	0.0688400177430297
0.145606109474781	0.0676485829703014	0.151593336286628	0.153922424566186	0.0852176847196053
0.15413550021293	0.0508833884879923	0.0635640968507932	0.0709626689007349	0.0796445027167458
0.0829523004329113	0.0289019507748794	0.0501617533354578	0.0820904856789223	0.0279617397318225
0.142012772854334	0.0188581875296314	0.137403244614381	0.0235903773053128	0.0590051584470618
0.0809250577957922	0.0422534019942404	0.0677492733876282	0.084656084739709	0.0333008171467029
0.0862709790277281	0.0704599235837177	0.0762275593057456	0.157671446193461	0.03377755873509
0.0810546168384715	0.0559445821574386	0.0591588199080511	0.0888903558540175	0.0321741417529602
0.121432839670897	0.0290707150399088	0.0543572161629184	0.0490690126563796	0.04491316346877
0.171772863914787	0.0197562135849794	0.113314581943082	0.0216556865328282	0.0663669889889968
0.12756226052056	0.0189367694616354	0.110316895452244	0.0305605760714496	0.063376790543107
0.0897554972510062	0.0188642632289721	0.0559851951117429	0.0383928632142662	0.0455847961416439
0.16560825525078	0.0198006986143827	0.0683090589166589	0.0307174518871952	0.0720998709257663
0.0822043214173464	0.0442474634789242	0.0600669040255042	0.112112287098367	0.0390323896753878
0.363158792007993	0.0303978320083689	0.227935721192215	0.0881760611190393	0.186596834401068
0.0984264560264505	0.0306898008833676	0.166785547345836	0.0718819463296779	0.0623149426541064
0.184488541038088	0.0275858126112067	0.237518392971034	0.0299730947343883	0.105145234297127
0.126605120829094	0.0260284506548734	0.140156401207112	0.0253286034607635	0.0523367692735073
0.160399450909054	0.0265487010654528	0.0734724701336654	0.0687485980292729	0.0488342423450733
0.128821681640839	0.0321112954621133	0.0923379099404714	0.046309326294301	0.0706275671888333
0.128567727217384	0.0288712857352588	0.145129863187568	0.038420176136324	0.0586794191448885
0.0818223574082041	0.0492967457167043	0.0502970491406853	0.0909202749467094	0.0278348135557951
0.277781256888526	0.0362737420354653	0.206866543145252	0.129612056001163	0.126977728900648
0.120992696497148	0.0398044895231126	0.0501768919677815	0.0753910243495603	0.0378767081051096
0.375055256427402	0.0414249744605255	0.363221806676168	0.216641638597109	0.211823389956401
0.0949417212663983	0.0631505329835997	0.138468254233135	0.133140632399705	0.0550763890714349
0.138893958986239	0.0190738551884691	0.119088335913995	0.0219134826504289	0.0585000891399741
0.129637090271344	0.0193003797276939	0.136904104480411	0.0339958346194087	0.0703194769805275
0.111618371373664	0.0303005521906132	0.134217284919675	0.0750006290092495	0.0653844932938635
0.190204505917307	0.0407874946111325	0.155661108937607	0.100623045353302	0.118162673606235
0.363266652540258	0.0981266805024735	0.295590991290232	0.257607384448058	0.237312826457058
0.101038334096096	0.0257583663772442	0.13117298430445	0.0233560613342724	0.0431509018812008
0.211394679326469	0.022532270999769	0.124929643168734	0.0227340875031099	0.0869333590462473
0.158853433494244	0.0303961005932881	0.157326228621479	0.0833697005805366	0.0668973951334924
0.124060793235461	0.0421739925751913	0.0663400021876486	0.097842968522187	0.0406257022599382
0.128107916768215	0.0209812674703623	0.138806277618528	0.0224392459848172	0.0722842353925348
0.137778888222958	0.0210119265244463	0.147345263300182	0.0237291153485173	0.0609311921994366
0.0961638053208625	0.0374189251139999	0.12934133074667	0.107304524506811	0.0934557800112316
0.116597511852261	0.0355100569383179	0.081992032347178	0.135438854492516	0.0763120828526075
0.128731752683109	0.0452830427609784	0.125253693125269	0.0649062510954509	0.0676383603098351
0.206489600707221	0.0426182468066233	0.163804413651189	0.047734130760807	0.0859114634413394
0.109614513794717	0.0626232973808805	0.0997758430218948	0.0931532255140443	0.058351884265943
0.0810773898682081	0.0474270218078373	0.0712131884044538	0.10819857804749	0.0375824354427238
0.119535378806907	0.0510669692014804	0.0629115095006079	0.0985919013127454	0.0512464446159568
0.0876293757510462	0.0305596133841897	0.0626361348010985	0.0622516627991312	0.0257181986820119
0.127259462611872	0.0509430607650519	0.0543657328685947	0.0765703195215582	0.041699332714037
0.0882258603476576	0.0188610921435698	0.114826209613507	0.0337627455539856	0.0335270536231307
0.239912800617573	0.0573919390884139	0.243862330894116	0.204230485889875	0.124680960699312
0.178928181029455	0.0246676206936628	0.167953055052524	0.0221791447437255	0.091610355811568
0.209830320679398	0.0557238766607708	0.40810624186769	0.307063243002303	0.16568732826612
0.145466229707595	0.0192524818301935	0.0503052502050811	0.0532369674185518	0.0573163830576131
0.122902505618382	0.0334184901464804	0.116043054059688	0.0462137622160127	0.0585177922305902
0.107591343845665	0.0188960835353584	0.0502189976401637	0.0375503317381392	0.0453218801484138
0.112059644707281	0.03953842959642	0.0896325172600628	0.105715091086764	0.0667534046696754
0.190387285235635	0.021519958676173	0.206028473777108	0.0331341553520398	0.0831256917607005
0.0997784295765251	0.0278456873073773	0.132348971881292	0.0216610758722276	0.0445466388814421
0.115539349695561	0.0325237795122028	0.0994229158377267	0.110683747051653	0.0966737052996126
0.100247904949951	0.0495710146270564	0.0835368726208771	0.0939106668639175	0.0628117585863161
0.15082210759951	0.0197121491104525	0.166567909806647	0.0239357933149086	0.0726807168776922
0.161644618403274	0.0293877894991813	0.215721815204817	0.058726433474327	0.10250683936447
0.109010586594795	0.0205037615857988	0.0878962016608806	0.0504448555380967	0.0468495311394591
0.0812877994304009	0.0214372635222102	0.0792307794294526	0.0726456284324358	0.0369792499362756
0.086006309583762	0.0541887403259139	0.195523743862467	0.123789347151551	0.0335756292460258
0.319699836059732	0.0557282658102309	0.290720227423737	0.0847182042713343	0.206059269707253
0.187608869841784	0.032374012803154	0.202373544014343	0.0753655305203567	0.0846347023217171
0.161782482615454	0.0253421837729131	0.123037748373195	0.0216957082106662	0.0870480121297018
0.225715602482217	0.026632528171137	0.14031588985072	0.0216665497186565	0.104008924252133
0.108522677735566	0.0188781807430527	0.10740693465993	0.0342097942834815	0.040260999881643
0.11058373918707	0.0471149712696848	0.108122939591779	0.127245717527894	0.0507689895767388
0.0863384862452753	0.0316828866084516	0.0611767264341094	0.0756924118086346	0.0301218767192687
0.0845181789159476	0.0203395493442819	0.15920739167444	0.0218275280685413	0.0411007175584039
0.0840788468595874	0.0501314678060193	0.068300018812545	0.071678337417155	0.0254279737835502
0.15481597307264	0.0672107145832499	0.0704506141710847	0.132348153848886	0.0640686541578866
0.0819700849295209	0.0349314392421325	0.0746203158321622	0.0897156860324262	0.0261111252475939
0.127813226985165	0.0278264727589774	0.138398647743375	0.0240590977118222	0.0617885990877633
0.0928373888715569	0.0271923306840387	0.085030670175289	0.0481134727844252	0.0418388123640373
0.106407327755164	0.0363515963030887	0.155285580408483	0.133499992741238	0.0486143169795817
0.0924439929487725	0.0405783214889459	0.0808215110883765	0.0757072485301446	0.0564160047395144
0.107428880113545	0.0374472767424242	0.0912302562232482	0.11219882862159	0.0564036897122466
0.128526912899357	0.0232488459268531	0.163865979671693	0.0288096196141974	0.0690287936900195
0.215070519667982	0.0321957695339963	0.288866322334814	0.148136753352106	0.161059307051538
0.255560808551718	0.0635785241544284	0.15173781048284	0.162639003937012	0.140418002517589
0.12833922388056	0.0237353881394017	0.0928664018129958	0.0240684440126317	0.0534581052050759
0.198417138651892	0.0192757409851517	0.103336265919514	0.0297615834250179	0.0758708238144867
0.0914721006139596	0.0199465046581907	0.0667859844498307	0.0518370937826926	0.0432238923565569
0.102681121272333	0.0189579526086846	0.0648918605790646	0.0483615782031631	0.0255907775752825
0.101898837136172	0.0188939220160735	0.124354276342376	0.0580028409728292	0.0492544982517946
0.0814087197863633	0.0248518703337935	0.0712273869239126	0.0604921594610367	0.0432095694145264
0.100111250580755	0.0216198626503111	0.121058648252814	0.0307622637352878	0.0570658419268859
0.0869867617800095	0.0681302025036098	0.175371079301638	0.145256470156744	0.0473055708530636
0.120236407155163	0.0594559744964165	0.0686687886979361	0.0917294264686248	0.0821566965380908
0.127963428700277	0.0285355320936454	0.14497656266283	0.02683922718721	0.0636441431671297
0.0950105379430006	0.0668507767940007	0.0667438117083815	0.0906281549336543	0.0271729710331036
0.237758337637816	0.0511866930510935	0.291731576270233	0.0816329681493501	0.121372533035322
0.124849978714615	0.0322932845127619	0.0610853498692438	0.0551425286425293	0.0459142681498144
0.125254322043041	0.0568682351216173	0.13475450063301	0.136816146831663	0.112378883643246
0.134384202033011	0.0188820116213675	0.106105924260898	0.0255787405973157	0.0656772573017446
0.0860267330036772	0.0188839594524787	0.0778582094410515	0.0278032483950932	0.0313484978120663
0.142891542498724	0.0443482300899852	0.0871750892803902	0.0620286051808667	0.0622806305666049
0.127092796718268	0.0415870895131022	0.0554922658252377	0.0760439616902653	0.0537939922791081
0.105010214116947	0.0194082494303031	0.0780893597604947	0.0227377124459258	0.0476855903722261
0.0918534308269792	0.0275478812217913	0.0505787325515274	0.0591841980959473	0.0315594700505772
0.0976844575739339	0.0474111891642406	0.0766328399081178	0.10564656349993	0.06805627573609
0.170903455340749	0.132282642181278	0.406974546469428	0.292592979956	0.171662813215522
0.0902945133017365	0.0259098253972889	0.0847645342878918	0.0540478558700787	0.048758262820258
0.092995971074421	0.0375955312976689	0.0502795516447308	0.0661486532422463	0.0389782971540169
0.168564405671076	0.0713421982914286	0.158174987094322	0.151316724777956	0.105922961021014
0.0950212359153741	0.0302946823235031	0.0503708480804648	0.051476902321352	0.0296038031689231
0.0837385255532547	0.0359686072305559	0.0527712997550271	0.0700086629427359	0.0256296200379218
0.0845745136706914	0.0194540604103753	0.111639350635811	0.0256097239357578	0.0321151367445935
0.0826164432118371	0.0197555485304837	0.100489841908549	0.0335011508603211	0.0349084403516117
0.0933818724409972	0.0689038557422766	0.100142342179693	0.120067141227419	0.0458007503521992
0.179282942432725	0.041667996875537	0.112914965296651	0.104760940346536	0.110844179927116
0.157048650450467	0.071325114813783	0.13570011920787	0.149881764537061	0.0890402738547619
0.191771026773736	0.0275414764016073	0.0863039888924005	0.0225362064221567	0.0672972523224416
0.161309084197877	0.0241918412408729	0.12248421394138	0.0308439152302544	0.0728007148130803
0.0820496216520185	0.0383510735813569	0.0515254483134458	0.0671487816656064	0.0289544629954923
0.181745382640379	0.0713853628028266	0.208523135837407	0.162095283105641	0.151264422298603
0.120963024651881	0.0581749578043174	0.113446139674384	0.125251425901369	0.0941884015397797
0.112862430710905	0.0196476505968418	0.0913720192866042	0.0216931882356381	0.0528678782097725
0.193541491819476	0.0332810180756285	0.249151549525124	0.100208002680636	0.109485478908322
0.232213344141592	0.0356298648035699	0.226490939076352	0.0491723936479075	0.143227994938148
0.0963053557843603	0.0684788297596566	0.0648902169137983	0.0886590741804344	0.0261938281922812
0.179501449012092	0.0710923957688795	0.182347010494555	0.168526091260821	0.135888101465376
0.0892459474382402	0.0393434328870407	0.0524021743746903	0.0621826057779998	0.0298218987874286
0.0893467487020829	0.0336279427482971	0.112545720888413	0.0218527997018215	0.0406786379919192
0.277254033643369	0.04081151001298	0.153767825172558	0.0939388101234936	0.114835494843972
0.113133300723968	0.0275286055093607	0.0844829079910616	0.0687911661095588	0.049702632867852
0.120427463106818	0.0205374535829177	0.0893284212944164	0.0314252465340064	0.0538167224416751
0.0888117842985546	0.0347465240685433	0.079319165080577	0.0524381344882291	0.0429975674026505
0.267186001714108	0.0474506497002004	0.257290826054567	0.0800343581023913	0.133900967569683
0.109504457396037	0.0258309319276465	0.116536317839201	0.0429075969988208	0.05033797534782
0.1088858341257	0.071154091892935	0.171779219350132	0.17888659403885	0.141032271706686
0.123835952704566	0.0476541224372966	0.0756520600328515	0.0820264073764883	0.0541807877703035
0.0960957089942716	0.031640100099908	0.0656983959359937	0.0816957463250955	0.0348940277872225
0.0971782458623514	0.021099782759493	0.139035220324649	0.0402944808224619	0.0577299094927768
0.0821326078865358	0.0295718792375488	0.0564117813632458	0.0765784898327868	0.0269664789928775
0.082471873022862	0.0564348652247317	0.08029492687555	0.0978978192006218	0.0351162697352988
0.109292533795662	0.0694124625291926	0.0774102765705018	0.0866335122240211	0.0522995825796444
0.190538671342122	0.0188685709650233	0.181624508961902	0.0435838574601127	0.103862949234073
0.166352529777267	0.0428010490341324	0.16545148894664	0.0604114461032644	0.078791916893465
0.141740806812604	0.0195887752658328	0.0658775634725619	0.0284505290321447	0.0512041685153634
0.19459726421789	0.0200936402894846	0.167940848666742	0.0345253620310655	0.112430584115084
0.102975019376129	0.0477712529434217	0.050154644779173	0.0612963501893815	0.0507893982578654
0.0958403102257118	0.0188733336476054	0.0692004357484438	0.0554769031073623	0.0354495468373903
0.246086063245635	0.023403448055274	0.202165757679013	0.0265950432279533	0.123099946336327
0.311577228651058	0.0225962259074645	0.158045668743704	0.0551748314789902	0.138622699010443
0.18262187571488	0.027557722519993	0.146534186335024	0.0216557620408657	0.0867933096175454
0.0889749524581577	0.0364655001283246	0.11991280281982	0.0415458979897039	0.0424065191885002
0.112200770471597	0.0273836278436341	0.127993635593543	0.0279155566274154	0.0397887302893465
0.126268124965713	0.0219709205637908	0.0904404133008008	0.0225707876601258	0.042971025728841
0.0809396736267404	0.0390725153292347	0.0738349173267072	0.0824848769150177	0.038584320552577
0.111847162182199	0.0548597064091153	0.150596469102258	0.115895301018215	0.0771047225935146
0.153920359880062	0.0250330260418096	0.154543371377342	0.053368156966004	0.0616414393249972
0.176523742054705	0.0213150885611512	0.154619122217895	0.0351605540788519	0.0818216673587493
0.0894872432463841	0.0407038763505264	0.0581926655192578	0.0578645000121094	0.031786399084097
0.0928489094863084	0.0686661619588767	0.0527966122568855	0.126612479127659	0.0502390088509397
0.0848360444537178	0.021799028814316	0.0843351957283041	0.036519317729389	0.0379640279985619
0.08398662441978	0.0196343871071434	0.0501598387218019	0.0454538621233512	0.0334441000680158
0.203498264972436	0.142745017405339	0.333332183133609	0.217936317691342	0.112946658323649
0.0922947477447853	0.0649357183112509	0.163969818493324	0.147791140311179	0.131250422553433
0.178663331165952	0.0250282066219518	0.169817609019786	0.0330895518701409	0.106130418534669
0.0841129750711596	0.0337482344618008	0.0513275093418893	0.0496887806386266	0.028346784217994
0.278685181668801	0.0599949433034261	0.151978965805016	0.153906315575181	0.183487971749104
0.153798733186554	0.0277248659894921	0.161690522208439	0.0357166694488966	0.0723516623521113
0.0944290934527345	0.0208650540103542	0.0933435524228324	0.0361973067308306	0.0461780244001913
0.199946527104432	0.0202426621469729	0.0575181732908992	0.0700785098055341	0.0682807145709668
0.119470886614921	0.0190319186733072	0.0789812915774239	0.0512302620266137	0.0449875658874071
0.0831434152375199	0.032165189941053	0.0980010892317945	0.0371124243506052	0.0364433079198556
0.0818515572902217	0.0280088307493489	0.0631054987764979	0.0356480874981501	0.0281433186323285
0.0817159773830343	0.0196052931671559	0.0744645324047845	0.0805614465837362	0.036919610127106
0.0888689589931676	0.0658260520984812	0.125735642270913	0.143395582823958	0.0708708914631245
0.0896784239066932	0.0190807693100456	0.0903389879408015	0.0455571037032117	0.0392565979287978
0.0829168236223373	0.0328715469033299	0.0538606258286144	0.0699221343808708	0.0262186566342665
0.0949171903253025	0.0647624553679129	0.101306432484712	0.147149979773796	0.0385407325362437
0.139777771233203	0.0209654147025226	0.114892937500306	0.0216938381979679	0.0616951522417167
0.0999844140822135	0.0590300058738654	0.0742687289814592	0.101251965695439	0.0460557936993653
0.156148675431129	0.0245311116310599	0.114496414085223	0.0218533284632152	0.0641447186905585
0.16156017674412	0.0284566841954225	0.050367010420889	0.0973956092736206	0.0478821783180633
0.0813257434410274	0.0618479872448446	0.0762913687610657	0.0701524469471399	0.0265021430555622
0.0809808091292864	0.0672679340840237	0.132733838864459	0.142863519706966	0.0285951413619436
0.09106521612118	0.0196728199104543	0.0736136793103781	0.0560283432072482	0.0480000459114103
0.275597720586071	0.0625713237555548	0.192867973516748	0.142898922989613	0.195188749491196
0.0838129841747138	0.0188772618358112	0.0652277968602793	0.0399546884446446	0.0293314789102962
0.142643025052038	0.0230268717775397	0.0685704428076033	0.0457612107325773	0.0579927601209907
0.0812116517988043	0.0306146458366585	0.0579325201030967	0.0963063343309008	0.0255332873389537
0.127840007178033	0.0275569055667128	0.133835264543513	0.0392075551941913	0.043444100264732
0.275872785010743	0.164413223012311	0.401882824190719	0.298021995110496	0.16380664370045
0.156237269515108	0.0299732099877097	0.124453064929574	0.0225732801799125	0.0586424500877063
0.0861305315347859	0.0698232180661974	0.0795020267486338	0.0927019580998371	0.0297618956470829
0.0846030803247752	0.0195130748192965	0.0510420604363347	0.0466556566462046	0.0254322561717287
0.566594080882297	0.0602216229391858	0.0899295244000908	0.116214665338485	0.218024421754447
0.0889628080077873	0.0385606387472563	0.0584561806242589	0.093898738421243	0.0290784832410389
0.167490048643398	0.0715212285119174	0.180554190148669	0.179841116819489	0.130208580438951
0.0964919438248311	0.0264856227276367	0.156744348331579	0.0692057670282919	0.0487584918118279
0.299092061862469	0.0711341942934123	0.150520708087155	0.14093234041428	0.158227233756163
0.1340640456138	0.046386844818469	0.080005180224131	0.103898949652557	0.0296114310778358
0.105392693466833	0.0213638262331414	0.0852670040248875	0.0562525741589572	0.0398982922072982
0.095124418624747	0.0189818286957881	0.0506921487699275	0.0347758344893763	0.0454988091768566
0.08095662391531	0.07231614689591	0.0703738663515381	0.147687549663283	0.0292758598423113
0.114425167367751	0.0253765791174436	0.136388213109679	0.0217018538178795	0.0538398521032326
0.127513597052796	0.0190070358929769	0.0543480475308671	0.0335578170117185	0.0416789617666226
0.0946101094937598	0.028573602918653	0.0706271091256168	0.0563370404896205	0.0421550899850316
0.0809284534115293	0.0284392433031342	0.0912665956436342	0.0224807418414159	0.0267662903720237
0.0833588263748155	0.0579471194255316	0.0509608131856206	0.0784979095247793	0.0255449098227622
0.11219769374866	0.0238224861396033	0.0546612231988498	0.073522511408727	0.0254493402654896
0.0821894974088087	0.0692240220416731	0.078424197990216	0.114964448941745	0.0270068523981731
0.125161026424677	0.0189093137871449	0.125216768783191	0.0257017602497714	0.0641142434785411
0.113201348456649	0.0375325949698505	0.056595183986246	0.0854557837746402	0.0430640698803377
0.0956012134532567	0.0433970674705903	0.0897039472527946	0.0631884469137053	0.0315329072462147
0.0865405103078085	0.0439794767519113	0.0881728821512709	0.0945476513849435	0.0279397619684329
0.131733152245623	0.0557517434972373	0.0678576256900983	0.105823178473839	0.0858619450207477
0.197360918801718	0.0260835560374561	0.239841353979885	0.0495111542428184	0.100088418707615
0.119050242791953	0.0221310069051456	0.146399244796425	0.0355510164508234	0.0663287078793053
0.136620989756379	0.023793669529911	0.160713286409219	0.0373869784195759	0.0777322419491881
0.135544956391063	0.0208556987299806	0.150122003558883	0.0335468008120726	0.0816505806692422
0.391692299210753	0.0467968205549222	0.236537894530925	0.100363709668323	0.176489861773669
0.0940355106686196	0.0355230294035034	0.0874203442880099	0.0597490417364129	0.0480174249559881
0.131803121050071	0.0214212687539717	0.125080383990932	0.0277579795546021	0.06759388064918
0.128507879822204	0.020553283038068	0.0911782298182523	0.0354484469681154	0.0485665376164604
0.0813343543456732	0.0399128432744583	0.0678951680499195	0.0931425437409604	0.0544401779967514
0.0929757921286276	0.0242588789951506	0.0749144337363244	0.0705256049031943	0.0410247331136679
0.098388704848515	0.0194689827495094	0.104046515135456	0.0417158412421645	0.0424301603679505
0.0903869011634399	0.055097712873516	0.0909294275384492	0.0942294647230796	0.0256710937653271
0.0826910610633931	0.0605613947141146	0.0777245366628636	0.0849272334322157	0.0331285931328005
0.087331006482348	0.027749588513878	0.222664162911726	0.0751945990347811	0.0481791967233654
0.103685977197707	0.019848902204783	0.0502264521869835	0.0389163021975676	0.0348655613748687
0.0809399043505659	0.0670914633035991	0.197542727333967	0.167273281109342	0.0684307445027963
0.257224025169945	0.156068948741199	0.375754340442102	0.213418274608281	0.178106161186654
0.0893162295217429	0.0321704569668889	0.062224921467231	0.0669919861495791	0.026207639715149
0.130660857926303	0.0203773132263265	0.133215816912094	0.0365194078318636	0.0616782183527385
0.135359238775845	0.0189727597608403	0.129292096450509	0.032373518616488	0.0580969523370891
0.0950912164199706	0.0454928396484538	0.0828880999697592	0.0769112278651047	0.0405962553904449
0.132733631256063	0.0205144199419695	0.095779249330762	0.0521057075659572	0.0374256773946693
0.329409125888811	0.0606533061768909	0.213534716948251	0.152727791633561	0.147483728758656
0.0896204944173762	0.0662035272165533	0.142334222886925	0.139278025333587	0.0361822861841251
0.119091610724827	0.0247121888082148	0.147265152471992	0.0217801279719144	0.0665816571357689
0.0819341557976881	0.0191858924430878	0.0643540129234137	0.035706002646154	0.026024932391623
0.115553715251759	0.0854256792185976	0.107681066667255	0.168797203642152	0.0678665647658037
0.0813046743811808	0.0477952923639562	0.0525065649146278	0.0670825663224678	0.0258379274464824
0.0813293197495246	0.0680347759853641	0.0514256183677986	0.136317592099891	0.0440052702175345
0.0950445439535712	0.040480139251687	0.132148314702863	0.0617634586237705	0.0487724440954879
0.0835957827355274	0.0364490772931236	0.0789708949451645	0.106569078605551	0.0279505139575356
0.0995335823310013	0.0188952983267571	0.108112055178231	0.0450431159818244	0.0466406727201421
0.080942787321932	0.0390957637745858	0.0580157885796082	0.0625472116153282	0.028182807897252
0.0813591904861174	0.0596361097857765	0.0617911862266284	0.101226158541871	0.0311528121816521
0.0858124728891511	0.0351842488219522	0.0630564184130167	0.0789766051954473	0.0315189202874727
0.109227525404782	0.0229801326846328	0.0646406619480523	0.0557132208358306	0.057681680788092
0.144713652331534	0.0349373311219325	0.1534820295957	0.030359108492149	0.0718646274774039
0.0857493628552073	0.0820112417337396	0.074782513644531	0.137566826913869	0.025761991785024
0.137579981309384	0.0189240037450208	0.107054789923612	0.0236960102570073	0.0589590767342304
0.0812723358998234	0.0644936820940724	0.0683718445030952	0.152103250514705	0.0280097785131452
0.081494942073184	0.0479080233214249	0.0816901011665606	0.114163762260291	0.0257779281119513
0.124533058670325	0.0327143033637579	0.126806835672709	0.034915458205177	0.0557407094732501
0.273538042684575	0.0304578687177261	0.273001020462729	0.097058192262545	0.169001446383066
0.194913588229172	0.0289303056079434	0.221695384571093	0.0826806861567049	0.106277194733108
0.139119321799832	0.0320027318744567	0.0614034475125727	0.0890799211639239	0.059010728712521
0.0896444653609701	0.0195980905095907	0.0617964799667725	0.028407005058136	0.0314607159485967
0.202933190077751	0.0222147603626409	0.134020721844326	0.0229999491362438	0.0885523607738491
0.0965818130701038	0.0657921417137634	0.130237288310353	0.105822180510968	0.082310627785893
0.191834704076386	0.0215783644425324	0.139445133698605	0.0237538685347081	0.0913112719100634
0.239261075516519	0.0710557850153991	0.246569842640463	0.178209858976524	0.210810275246363
0.0810491283804025	0.0247542747839086	0.0834842494964741	0.0630581249317828	0.0254507584572569
0.24719885342426	0.0758447684944435	0.393338659262668	0.191932002319775	0.160395021502357
0.0916095165053261	0.0659254508338091	0.059201821646416	0.0739538755822093	0.0370050888350609
0.198406281802327	0.0270891068305123	0.142481677468519	0.0677897273353453	0.0846642459248117
0.238920609432282	0.0369609785369952	0.167139457639102	0.0861202473973878	0.127787153261985
0.119253880021155	0.070899144222934	0.0910507190675493	0.142630076946413	0.0596388061665569
0.133187441891637	0.0385398635199029	0.0529296588363218	0.103934742665137	0.0411590099275013
0.0910415309064494	0.0191774558533921	0.0518470290911996	0.0577425475214596	0.0254275857898282
0.092527704168053	0.071991993924671	0.112936458713351	0.161672391905821	0.057458780486632
0.15016024116039	0.0189804595863219	0.151740480071978	0.0354765471119361	0.0800135681150342
0.156638052584419	0.0862646587243605	0.185465044326995	0.175789996418073	0.0907738151977587
0.0895005079992333	0.0331623866560234	0.0571444068190493	0.0846732552676469	0.0293700297028487
0.224061059882677	0.0762528216892117	0.411423087794495	0.216681824177484	0.133672365429769
0.142254503890411	0.0707505329881014	0.161151037095307	0.141320675782398	0.108375663890786
0.094395308474938	0.0652390045729339	0.0898766009988308	0.123518052418231	0.0664840101539016
0.14635207626571	0.0188592159999779	0.139966684933126	0.0220384561881426	0.0801272750231667
0.0812948639551777	0.0432004675703101	0.119501023289311	0.112225655208484	0.0410091883556152
0.0978582530285649	0.0269499406716677	0.149117232508121	0.0575248965178847	0.0647573998983389
0.190956632531734	0.0249592928969149	0.303820124435463	0.0483104698747073	0.145267056056492
0.0853981130313298	0.0223617260067001	0.0643120724484519	0.0405506986698024	0.0349831634066585
0.0982025113649921	0.0541122093916706	0.0610685731300239	0.102629363597524	0.0464096951401659
0.0847429885285801	0.0693605728096232	0.145973741634235	0.152027720396029	0.0646015934643555
0.0809443686789412	0.0197394957650348	0.0803486055032759	0.0525960879170728	0.0256297391372873
0.12593610018849	0.0253849228996686	0.146953985927915	0.0399987659894955	0.0794029215252497
0.127850827271078	0.0209767533556897	0.117854509513788	0.0366984004440579	0.0554940693985002
0.135319952823736	0.0561185710715488	0.0850032138116984	0.0630189399294501	0.0642199494174997
0.107824134503735	0.0190024039983256	0.0980450523229271	0.0270092808401857	0.0476021456497674
0.0858270689401027	0.0459989271488791	0.0582892211409671	0.0511292176275601	0.0345469281456294
0.0825954396854442	0.0202684737359666	0.0947444448602565	0.0233980858358277	0.0254394035372714
0.0809469277633437	0.0375869542230084	0.0789882264522342	0.067031846056306	0.0260366757196283
0.14004011235762	0.0321999378263426	0.131955188205041	0.102944616426174	0.0601487983396908
0.158229528502647	0.0819660047699975	0.104006192529138	0.180630091797758	0.0862373065870987
0.101445535923067	0.0630320166302797	0.077106542758441	0.140670527129541	0.0753721494562656
0.193330321677608	0.0448387266657668	0.108433452331953	0.0566636856843333	0.0734083907079045
0.0906448960457998	0.0224658252266149	0.128810050277483	0.0274394929701332	0.0418385442428784
0.122552930267185	0.0584339540967149	0.0862255863234079	0.108772603349768	0.0890281243918513
0.126537523097602	0.0477822068578922	0.0504151989394987	0.12566154738318	0.0410034777804406
0.105360833159422	0.0214813865754194	0.114816293258937	0.0294097758746609	0.0526222084964137
0.118349667707219	0.0638901876468823	0.162738165040247	0.13898656746891	0.0812789943741204
0.0996090016413775	0.0309795494715505	0.0558059229725922	0.0709041956744927	0.0393065313640498
0.123792856009732	0.023289411634795	0.12983849227153	0.0324758722655595	0.0576317715531853
0.117602788319653	0.0426913544040859	0.0610273006876185	0.051290859442334	0.0453372023608825
0.222691844209038	0.0222280543464678	0.153056180945114	0.0264763276011805	0.0939980540679481
0.155451349398726	0.0344189065627673	0.170710740365789	0.0241528110423952	0.0705128117791814
0.130280614889408	0.0690839478232335	0.102752474587375	0.135328531880429	0.0626177641213489
0.0979111129676885	0.0189887038325439	0.050588670606983	0.040501280923394	0.0268291354985959
0.154450169074152	0.0223569186115081	0.0511236964042999	0.0376818565520236	0.0532402961233798
0.127654966995195	0.0205390923656597	0.117022886220003	0.0216657098899184	0.0597624632734705
0.0853315112589832	0.0194045965616295	0.0558963903020456	0.0811911643794286	0.0262276512176612
0.120819685952943	0.0193539878491191	0.0751647883314438	0.0241853031240242	0.0338230232435134
0.0942478908098277	0.047410858016626	0.0502247911068958	0.0767677848835268	0.0435157839443913
0.116836812053944	0.0398108613345743	0.0637911734363221	0.035458174957614	0.0430868386694238
0.126862400898162	0.0325386921682879	0.0815831384016744	0.0543955170189457	0.0445862210475187
0.0864961524022166	0.0384525438190955	0.0674731996465622	0.033601815693549	0.0279809794128042
0.171509948961498	0.0224028248865246	0.137801009178881	0.0216711009804686	0.0705005364504562
0.098333226514961	0.0660388648852613	0.166692621620402	0.132528113387866	0.0951405511697463
0.126324191331264	0.027142540216108	0.0671164729511739	0.0527598289607505	0.0500052278529992
0.11326464127811	0.0585302437663979	0.0960247476392807	0.105754112246937	0.0930967467363665
0.219191960878955	0.0717343023825405	0.257202047398505	0.253234552458339	0.108467849826192
0.0852576963461204	0.0189369633235396	0.0958742004890575	0.0624964207830964	0.0330379942750089
0.119330865612877	0.03967836646577	0.0845351426638369	0.0665037896338119	0.0569475514492269
0.114609389019632	0.0207495561869189	0.0735446991102924	0.0413559117017068	0.0287720438154453
0.0811987984604105	0.0649731527590018	0.0502810412733823	0.0903831432932151	0.0276738294050899
0.0998843297344863	0.0630075722393287	0.0748643860760358	0.138314217584693	0.0325997232301068
0.0877973630789971	0.0357032575703009	0.0761456679835107	0.0732970721794957	0.035685858509492
0.0810322317924779	0.0668664100126833	0.127678527804046	0.135411427599045	0.0330624367267752
0.123155049121239	0.0199502562147976	0.138672396136102	0.0417039839953577	0.0709933492406788
0.0857625595431906	0.022778295436045	0.0536589595620748	0.0355524376509759	0.0267690036576592
0.091018300914244	0.0369408046408946	0.212798099033869	0.0893153377312635	0.0620797199711096
0.0973123401629227	0.0212165703118702	0.0696368010041724	0.0217353340029439	0.0421227982611307
0.111121152759845	0.0537538241526466	0.0559073966317659	0.0899015800494602	0.0416597082388245
0.116690124122829	0.0708938905631759	0.0733391166240488	0.141039037555444	0.0563784436644619
0.0904724245075232	0.0534293583581214	0.0590901328570231	0.0891765521911975	0.0714857422044052
0.0847954583791247	0.019488769691769	0.0585839717690258	0.0365434317343678	0.0305453337716067
0.100445901131232	0.0277852745199889	0.0502581869109363	0.080494609662268	0.0392360206304362
0.0811373565099601	0.0370974985916186	0.0596846849549326	0.0725326522785017	0.0291861252560604
0.135469144383312	0.0351054946751822	0.0766947750505225	0.0881626494235225	0.091919759241104
0.081123102188198	0.019028724290701	0.120721544256191	0.0257244825101442	0.0377080240168188
0.0812332017609298	0.0289433308685811	0.0571376531811051	0.0581220166888764	0.0262854636975657
0.225047729591388	0.0520453598465972	0.0923731586780139	0.113330810935534	0.0895883266791065
0.0988789947729256	0.0599063889048717	0.104293955097317	0.0945424359288886	0.085121821833948
0.135262303208704	0.071300791789768	0.100356672518302	0.147126806175571	0.0879009986947887
0.0817000639399867	0.06317290446461	0.0636961432502102	0.0917926701333307	0.029627001023843
0.124183585554582	0.0693554264675347	0.0521324987260026	0.125202094089524	0.0491349856151026
0.119895702571052	0.0367789761849145	0.0565891529208363	0.101244355319386	0.0290971376059624
0.100269573876303	0.0298888474388298	0.0732638017535384	0.0250084801340025	0.0381588312530546
0.146671799244807	0.072822697447996	0.21551047935346	0.1725506248999	0.110308854807829
0.169430774633663	0.0191665509056756	0.127266956119093	0.0298117004878226	0.0703418029275255
0.194310075856152	0.038312166807688	0.0508708417240311	0.0571599540104241	0.0788253807884101
0.0903702668903082	0.0656628446007953	0.0523652898225608	0.106810530764661	0.0575276785488105
0.0980383068122373	0.019115562257111	0.0875281805843546	0.0789397941013078	0.0254866982388849
0.0815843600845476	0.0613242683386878	0.124773036647935	0.110812244047741	0.0308929376836656
0.103038868427967	0.0512327004974404	0.0638787172261968	0.0768676583372263	0.0346527730202167
0.0835556972888481	0.0479531793081643	0.0501648015615408	0.0451958068889589	0.0309157606716143
0.0897410755298634	0.0467947954288161	0.0513600913935863	0.0886968078147673	0.0320878184094121
0.123692606481191	0.04167452272034	0.0971568758376529	0.0695276621011149	0.0476713163872154
0.138452488526265	0.0262124008090657	0.159942238881896	0.028383212544529	0.0763645047188268
0.110660440927068	0.0198225341212877	0.0825771320340913	0.0368711805535068	0.0366160256536559
0.152741933818072	0.0188691075815797	0.124759130009878	0.0316127099699148	0.0710188376999053
0.292908916648904	0.0406284965043559	0.296430866977056	0.170913634679935	0.149144619899588
0.165972218702423	0.0204996559890123	0.300444708681906	0.0865149385842028	0.117201131595201
0.0860105989271452	0.0565978868279333	0.0871714576464289	0.117864342430964	0.0485084757606754
0.112425376773368	0.0264340722354692	0.0753377637917681	0.0613003895338563	0.0478431921191692
0.0828351253980081	0.0425935210298982	0.0502628576454621	0.0766129009338369	0.0255776374976413
0.126130319563874	0.0191361105968143	0.114572465761935	0.0330299871882647	0.0510802645252511
0.203089239318811	0.0204931809863846	0.139130467333506	0.024146134365032	0.0916108764806638
0.0811881035004323	0.0204390001430745	0.0543871033679368	0.0294700937637455	0.0321888874351735
0.18744680245487	0.018941937816005	0.124621051527879	0.0339021470730486	0.0784788407271664
0.132893323525409	0.0286836096995523	0.161505163570175	0.0303503870201073	0.0637847329989743
0.107824561054543	0.0272589940159921	0.0650874940176515	0.0633936107026389	0.0491038448553715
0.0809271916505785	0.0684924335218363	0.0931446396944935	0.131675864984191	0.0273264114221425
0.123890584921589	0.0328816107770102	0.0968217809297406	0.0781339430262149	0.0730427009366329
0.0914573719831157	0.0194126535818445	0.050800436605988	0.0440208513617948	0.0261802076802601
0.153061706568718	0.0304130243177474	0.146523459828906	0.0223207206832822	0.0751686596318347
0.0836606408429618	0.0494480785553332	0.0510287850081985	0.114916334841805	0.0314636682179737
0.080915222215946	0.0189259277512683	0.0511499579680051	0.062046696464296	0.0394750813733291
0.084860194611175	0.0477121251040182	0.0737332688017156	0.0838159154016644	0.0571773250672119
0.111592127243561	0.0607548410316462	0.0856698221385757	0.111066806441146	0.0534650593334063
0.168180186116272	0.0195385759424451	0.13443845480062	0.0220644960534379	0.0844117740138031
0.126376088847652	0.0357654726770508	0.051024472405085	0.0637592651519585	0.0501081616211173
0.082192897758337	0.0477243593152494	0.0526275821607467	0.0726541394967961	0.0380607821395057
0.081016352234671	0.0189303718078786	0.112290221183777	0.0303439670579558	0.0350149839322174
0.0949827467118357	0.0233602186569132	0.113983440727209	0.0223055247863731	0.0435910236230721
0.142153643382757	0.0635518561783965	0.177029660101224	0.135510033428831	0.124540595713484
0.209545608295521	0.028346738867664	0.165777996179086	0.0416951051731838	0.100772601711785
0.106570166164217	0.0404162213237025	0.17649452678844	0.138108801571076	0.0596736053851865
0.18152462367818	0.0404747873185178	0.0727782418968055	0.110160047837918	0.0882156810565399
0.266960510009558	0.108776171391792	0.291946737399138	0.303188442909924	0.160451470561976
0.0809187894342528	0.0472961902223947	0.0538154004749862	0.0618127228962091	0.0259248290872183
0.0811980069560462	0.0189214073944951	0.0602980533622008	0.0345804980186893	0.0258693956344265
0.0920922443414062	0.0332589536070771	0.0507251473295557	0.10150566453064	0.0547463638159087
0.0820503853413205	0.0463973628983621	0.0905454782899833	0.113960046616166	0.0268111943447152
0.0815024671624095	0.0701913888238623	0.0594809431407722	0.127044938379353	0.0469261103470737
0.0981144334590738	0.0649664929129088	0.0747301036963188	0.133696039537008	0.0483602073101492
0.217627291857936	0.0403122702828576	0.278312932277788	0.150654520866943	0.115077214198681
0.0828860918630796	0.0188725760359504	0.0660842854385036	0.0445539815329861	0.0295230549761774
0.0939150223992541	0.0370057183904171	0.111479706051711	0.0756905912436775	0.0341587739091474
0.087869133399074	0.0539002478869416	0.0621620295483556	0.129783330144029	0.0275961304853032
0.0901002409776491	0.020587727886335	0.0509217540049467	0.0584765338475947	0.0286449430078899
0.214071231017303	0.032853807465118	0.231038983624695	0.0855967341534418	0.105349944275826
0.0847114474336308	0.0209342918010507	0.082533984777245	0.0692266823868628	0.0288127388609397
0.117621456097112	0.150410639753215	0.288191659233602	0.203147683010721	0.122836619304156
0.0977526935457465	0.0334771210465033	0.0620602964767633	0.0786258828884369	0.039208789476759
0.24388866966422	0.0822394082511946	0.264643534078764	0.16705850766656	0.122150768058377
0.234083840484518	0.0367046009003843	0.280143804837715	0.0364902228445504	0.140091215669756
0.331842989199673	0.0578412420708409	0.364135389859383	0.127794840275397	0.215469923816877
0.174320200948275	0.0342379020090955	0.0884909383474419	0.084314735698515	0.132770482893479
0.160639268965555	0.0293243206748108	0.172005912725043	0.0631959951856079	0.0731564345582292
0.0894147626782507	0.0293796600301236	0.0950077476891607	0.0292827347186202	0.0338592537590259
0.228924335567208	0.0704670629198094	0.150579925556753	0.118461670456595	0.108421737789339
0.123535366237618	0.0550893772553758	0.0751443333872507	0.102385132518573	0.054597555967294
0.0943375578163897	0.0682466555507489	0.100732426040827	0.114204205554417	0.031330301033472
0.097130680529302	0.0444870722530291	0.0521262892802369	0.0958320979307404	0.0290732845586888
0.130367296075266	0.0361570579447531	0.23106553508468	0.142939713506108	0.0786010290330058
0.157217303183064	0.0223472649338991	0.24859925635434	0.0334114502132479	0.10870560521794
0.148270610612316	0.063741989140128	0.135267451801326	0.133844338440741	0.0952285520455515
0.165473722921996	0.0366499488040241	0.196650842464741	0.0756264400681749	0.0959545425543214
0.100656846866507	0.0357152042724446	0.0803083344609006	0.102205858018161	0.0557909220884314
0.0885870719867529	0.0357198307903511	0.0503479087094393	0.0650129722640381	0.0347775258718057
0.116663576715125	0.0351747456488393	0.067706240472487	0.0587074331991831	0.06217599452997
0.0836244240819414	0.0475967987076107	0.0504512240481369	0.0766025924547537	0.0259549747683834
0.0814410464350439	0.0247748774907669	0.0997576024902848	0.0226506193085292	0.0255298914007461
0.244280623323768	0.0283963948264239	0.261439487602657	0.087613452385539	0.156596394227105
0.183832481013543	0.0611864175783984	0.255194028194977	0.0850594127264074	0.0833613710142262
0.0813540451563867	0.0215085237525567	0.0861374660194776	0.0284485680304376	0.028587504954013
0.108884929188885	0.0635729726350607	0.118698016694142	0.107227051426931	0.0725950702395154
0.132059517035651	0.0704434714089511	0.10005900852719	0.174708805911906	0.0558512741710822
0.12723958423535	0.033056076259909	0.186531919303073	0.138841908039674	0.0686133684406708
0.167103100608354	0.024780379699687	0.167655175219511	0.0417122159939124	0.0977396008953367
0.134331693925254	0.0548933873125174	0.0857666437238267	0.084347293277671	0.0599023414823655
0.184996364644093	0.0201283609758299	0.149503384094038	0.0950927491600713	0.0718649078668392
0.127513147784727	0.0537739016626154	0.0530557450622704	0.070555461536269	0.0524572845869152
0.106439316220484	0.0428425147115504	0.0565061308323419	0.0931764324645121	0.0436069272876793
0.146915617935597	0.0188857550283216	0.123940630951279	0.030713593851934	0.0581460819577405
0.0876334348561827	0.0694999535947737	0.050743131640158	0.094603290101618	0.0265443799269797
0.0809144655379503	0.0383948464531767	0.0812665048906107	0.0757412416862903	0.0433756303550928
0.425737404501799	0.0597924354130919	0.358099918077044	0.197608788244577	0.232707228761807
0.11802711664452	0.0221861767831428	0.15536477018734	0.0359235679297023	0.0687396663655731
0.0816090114637478	0.070726507127062	0.0703498832453026	0.0993612333129631	0.0262625991330606
0.160096918324302	0.0306167757026281	0.0785113685629764	0.064189885643675	0.0681427725027661
0.099700612515545	0.0630543303365141	0.138962249249799	0.12254785077741	0.0767052537579343
0.0810156643045951	0.0410904153894599	0.0814316336359485	0.0477659848170793	0.0260889915221898
0.186266158436486	0.0428880763036696	0.245386031501487	0.194183974041526	0.103036433126855
0.168268663784523	0.0712585525015648	0.121412685917204	0.124074781403328	0.0976980048330537
0.150113747094741	0.0384360509975345	0.125243491091823	0.100690219867249	0.107811851447402
0.0809371015091903	0.0463551391663883	0.093376138401381	0.103254072261847	0.032083045997335
0.0818626624621262	0.0508385116948795	0.069884318373162	0.108514939701441	0.0279372309247358
0.193510763527841	0.0665190426463193	0.120584808842739	0.127393368994756	0.0854613931898715
0.0812224843289421	0.0206769894280367	0.0661850818300613	0.0246808635509761	0.0256182718143715
0.0827010281922541	0.0384146330642115	0.0627586730178112	0.0882307741229846	0.026584653357498
0.256674794284535	0.0768665354394301	0.31333906849998	0.205735047855218	0.139069302089261
0.111059693259895	0.0231966322597164	0.130087679271118	0.0565704969282785	0.0511087992805963
0.0921692184295191	0.0396548487511875	0.0554117161884325	0.0935285493669697	0.0319567941754056
0.127173586643753	0.026153990886053	0.135638423184248	0.0428650027135082	0.0676837088906865
0.12202821136595	0.0380418005007815	0.0549183612981095	0.0565386810622953	0.0344440627318417
0.108162023533196	0.019135137716641	0.063903744300294	0.0333573620999275	0.0338673446284613
0.0889764294292256	0.0632643095668585	0.110630511670264	0.131193360112453	0.0632842418412473
0.0811611904355042	0.056630885875309	0.0721837123054758	0.12267731072476	0.0264883612345401
0.230631463024244	0.0267010625044728	0.183637507586439	0.0596867013239989	0.108149260631101
0.247039692594612	0.0294316739992523	0.252042527034331	0.158297280802099	0.150364540544511
0.0816292268639534	0.064828614280993	0.0721445762469226	0.125713609821624	0.0256336743697295
0.0882250700713726	0.0640750390292583	0.0547822482237396	0.0827644082566674	0.0254279248518782
0.0824924532073361	0.0308866329475704	0.0871529434545662	0.0925565592238785	0.0265331631013345
0.081254582502954	0.0198872360143198	0.104736599031645	0.0299370818802078	0.0294755571863927
0.094178480542915	0.0688895847697175	0.0668198882567018	0.140968833004813	0.0437701158478448
0.104247342664386	0.0203997757631538	0.129866440362096	0.034536194395194	0.0546165939969351
0.0873796470855015	0.0323035360297903	0.0666669181677153	0.0724441847554861	0.0284268157344084
0.391645986460053	0.0632280582654235	0.221049938197705	0.142139588065688	0.243255978423976
0.126755086935958	0.0322025492156836	0.155390252603326	0.0308067342004725	0.067557895742074
0.12423757415515	0.0695320892492722	0.0950099215005026	0.167410566584556	0.0879353812420794
0.0944473586117201	0.0276100242397193	0.0990182863477906	0.100859040933168	0.0597652090513682
0.0959315351832308	0.0268983040247046	0.104984246890825	0.0433796182230841	0.0487931445417085
0.0877455186264245	0.0205164438259188	0.124184313578378	0.023362707692291	0.0492041439736037
0.0928668808720123	0.018882707884434	0.0725872975134223	0.0217260847360021	0.0542064996216732
0.0809411772011013	0.0240556496691926	0.0514166563891918	0.0414652913287046	0.0255991789785019
0.0861677969268112	0.0191698487939775	0.060008766641407	0.057660804830852	0.0354495131929816
0.213348216371842	0.0610414081641846	0.131115910489554	0.13688061650471	0.115001289735816
0.708162254367452	0.103445940024043	0.543910085092364	0.267475422858524	0.411331107780852
0.118575373524402	0.0290760880620862	0.108084960968917	0.0216999988644995	0.0585579511176703
0.222782838541953	0.0240662545508583	0.237526827939985	0.0471404272106667	0.143043340140654
0.170842511211529	0.0264686137832442	0.264617107164221	0.0937671946299843	0.125931269717893
0.0850982554728052	0.0210624928782929	0.0503949932890139	0.0608192417050492	0.03613504628869
0.246317718819842	0.0190568785502942	0.183884617475853	0.0248436748012049	0.136002230068715
0.213092538774302	0.091801370890014	0.325377786658808	0.226986657066152	0.180536075709789
0.116327800154992	0.0586242974816934	0.1656031381029	0.128623123075609	0.0779916248943966
0.100620525757162	0.0329451988955806	0.084613557749912	0.079065503978858	0.0618280837241925
0.129428341811577	0.0290632233551677	0.159582119264403	0.0744318284117556	0.0594634763322707
0.203523610920207	0.0260839712674366	0.159607232035171	0.0643136309354542	0.0962895111422185
0.0811552002672088	0.034458302609822	0.0521503395445902	0.099786659452978	0.0319078384970397
0.14043550587806	0.0191495656705851	0.139737415753591	0.0483446877270822	0.0750963962417038
0.26386071343168	0.0627532667900957	0.51897186520409	0.229174550394681	0.228301207839036
0.0942609713152939	0.0279011549675556	0.0564554455213279	0.0400259491371891	0.0280352787585276
0.118988024368122	0.0201204150756723	0.105972503150395	0.0251016035811247	0.0443220411033703
0.0812735640480008	0.0275243463948679	0.117536551500832	0.0345708105849696	0.03956364693604
0.111073212566062	0.0216509959316789	0.080964243399015	0.0294596356950663	0.0345588891181044
0.133200477636961	0.0321515786596328	0.138715421766203	0.0222253505954339	0.0709920370913775
0.110603559909265	0.0550047030844229	0.0542652901247628	0.0732053915846028	0.0363382515758241
0.140627356672638	0.0244903297264754	0.0883320124712676	0.0258555211850783	0.063640652529588
0.117757069445284	0.0197229589306124	0.141203128850855	0.0229043846238278	0.0566077223991246
0.094538034111672	0.020602968821864	0.129755783619183	0.0228281801052237	0.0350206826498236
0.0844013995179122	0.0477291740071855	0.0828176893395628	0.127744798170426	0.0254782977914793
0.287841695130385	0.0500498469990442	0.366668638979353	0.150069089737482	0.164820225025703
0.153243772787569	0.031738424042688	0.0514645204302344	0.0668183015998512	0.0473544277930862
0.0931117898263045	0.0308389057005657	0.080751445037666	0.069048987898921	0.0605463512254725
0.085992360802681	0.0475310267976453	0.0692212457721062	0.0886654429163667	0.0254477568281035
0.118919838823995	0.0202639490434855	0.106143669218694	0.0377685509058922	0.060283494373025
0.275527506376497	0.0371373326894695	0.303584165089013	0.0578678403618237	0.17956186877054
0.0809761085857158	0.0701298153042137	0.121114735488955	0.132509958486676	0.0336977328784181
0.0920529531921839	0.0196581838904241	0.0996878621234242	0.0473985260013568	0.0291577973113808
0.114495946791482	0.0188900850572654	0.116861783641327	0.0310777516537131	0.0490430384911429
0.12482925275564	0.0694034959477953	0.119894545521204	0.124630029404033	0.0988608063859875
0.134927608580744	0.0237744244449092	0.110189626363965	0.0300133206075913	0.0664810215579602
0.122602789876638	0.0762672986434535	0.24236104515565	0.186003669926044	0.0774582486080243
0.130522017738378	0.0192498970133958	0.115625775152911	0.0383693414018262	0.070461977660423
0.0831371642118355	0.0370387438745439	0.0686675586782992	0.0536227678248931	0.0285584875860659
0.0814367859268256	0.0584075944580023	0.0534390152985769	0.113063962093011	0.0279943481406657
0.0889651158658509	0.0672162852971518	0.0836617679263705	0.128551937162858	0.0324965126528302
0.124869663182643	0.0412593692856294	0.118733839206217	0.0644323412308759	0.070755158996756
0.19553445592498	0.0349039121176707	0.16131104323156	0.112644914234343	0.0907159078690677
0.0846861693590558	0.0200106297360265	0.064355330330346	0.0348113805450622	0.0261915763875003
0.0902360712772982	0.0222363359739077	0.0902631159596809	0.0470108047370265	0.0289112996115159
0.129305046221907	0.0229438557088295	0.0853830290180265	0.0228598837409524	0.0599308247522104
0.197273382444914	0.0374501667232112	0.23811822123938	0.0382823998726061	0.122000649116323
0.081345647250277	0.0708989969814767	0.077842265520442	0.138771391814351	0.033734552212331
0.0931242394300519	0.0300345509572439	0.0788939278385536	0.0440174170754298	0.0373813069397613
0.0901064253252217	0.0540185444333837	0.0510538762104939	0.101986496362767	0.0273452682994542
0.0834645719980867	0.0657944022203722	0.108548293429337	0.121718601788856	0.0524990071552298
0.0827440836818095	0.0249106958547358	0.05049976729491	0.0596723183303952	0.0264868918387819
0.127159124072365	0.0327154401859533	0.141506046677806	0.0623083570335809	0.0622968894990486
0.101073778499532	0.0373588601155134	0.0502568845710891	0.0654822088414205	0.0467914331025538
0.102546863385057	0.0456640114261674	0.0705720609657235	0.113728795364583	0.0366272826340869
0.118786452802407	0.0191796177605829	0.0983414444230077	0.0288735703780101	0.0618646776164045
0.108197131985071	0.0310873451897702	0.063798152576608	0.041771231440056	0.0390578480093809
0.0968586418136925	0.0223758324441946	0.119101106472959	0.0245029294148035	0.0392966108529718
0.132730426123824	0.0289964985654374	0.0536060842253158	0.0772596006183371	0.0626432326139377
0.219683081514542	0.0399088091559913	0.381822828910501	0.142587682831217	0.158593499203618
0.0864378068474077	0.0713879381540332	0.0688752514440044	0.13588854044585	0.0339634666460439
0.220853124696469	0.0467725675581686	0.223629522545858	0.0396046330394908	0.139857236591542
0.321761604909172	0.0366656648818544	0.249610848434988	0.0862489239789451	0.195227039829321
0.139466315845526	0.0194223454588944	0.133428358988985	0.0302511551750967	0.067810786598541
0.0977474781699724	0.0367843954597127	0.0952021364546481	0.0724191099879738	0.056370530565165
0.123629954260126	0.0195379398447808	0.0587118405173535	0.0446320283968167	0.0526802613236281
0.176588294329419	0.0201182213184139	0.159555075191688	0.0889771178353794	0.085542945873991
0.2552176780219	0.0292276178578498	0.204464639629752	0.102354541683675	0.130487644762692
0.0956848369918542	0.0190801743479188	0.127260650915013	0.0218389373233982	0.0421379102604167
0.0819808383751779	0.0732327561823576	0.0919853785954844	0.142339884007905	0.0260856027357374
0.213752580278792	0.0422567948533206	0.326698617645137	0.163511457291108	0.135121318159982
0.129759613002741	0.023917170142932	0.0778756511040546	0.0391929781649194	0.0427512477199984
0.114812441913214	0.0690146613137189	0.0569286591651207	0.109418406096875	0.0428476157712553
0.122226177009515	0.023086679934263	0.126760116918253	0.0222406083136394	0.0574674580797923
0.135176197508527	0.0282063297364007	0.123725913125022	0.045119070106527	0.0566785008056628
0.172705236987015	0.0449732465891218	0.170603818004261	0.194287597128619	0.0743337725337118
0.106123078246821	0.0373060037472455	0.0775713700665162	0.0808962117377928	0.0490515109830364
0.113105351717623	0.0442829471763144	0.0848748587736331	0.108444545911767	0.094202765154317
0.153289833647428	0.0231168897684196	0.123957442151538	0.0327613304650392	0.0664874736083161
0.081626523742953	0.0397520978581425	0.0730388322689902	0.085717599851187	0.0268207623279082
0.101212840586418	0.046010654554743	0.0507900480360303	0.105391245575618	0.0263621677863608
0.0813976895176775	0.0663127237406184	0.0726682602426207	0.100512927340379	0.031475070697663
0.121844473755887	0.0224212181487706	0.0637610522216104	0.0283644042429272	0.0298960497743613
0.128968898752238	0.0268918044407152	0.092188595172983	0.0323876744992763	0.0568759147747545
0.175523641559641	0.0345441737723072	0.140469910384003	0.0608167922829819	0.0765040337638849
0.185461485630319	0.049408789164531	0.207640124508842	0.151940176295697	0.0860911052672535
0.0809839086832589	0.0201412953769527	0.0501620539547193	0.0384469288385157	0.0289922186534629
0.0967834678870001	0.0597956348353345	0.103915124084576	0.117128739643781	0.0762763561300917
0.266037327522055	0.167112621163457	0.437654243321366	0.42932920174802	0.134644316811248
0.174533403024161	0.0250089039478562	0.12925368673855	0.0231077766668125	0.0646519526986428
0.083950644747303	0.0442949665364449	0.0684791074554648	0.0882322435863188	0.0399817618429463
0.182423309821501	0.0216030674587539	0.142253184574938	0.0265143071784004	0.0709066811275681
0.0876613281947309	0.036054010265488	0.119251243170739	0.047127754013852	0.0602326790528144
0.0982922518966326	0.01890160562354	0.0935783929088072	0.100957318252949	0.0733194885946542
0.0812115042716817	0.0219762706460773	0.110078190675765	0.0216660806250906	0.0306436447014757
0.0813668499883634	0.0203257739493191	0.138941043605233	0.0300178800435616	0.0338526264618009
0.0809454869046264	0.0211989395638804	0.0550268270568693	0.0451081338980443	0.0291220940423639
0.0822813589533311	0.0423525059463694	0.121744951400044	0.0599144164406432	0.0369604698854035
0.0839925130273174	0.0696837551886164	0.16087191556174	0.139911055661811	0.0329861557560689
0.0961718987987334	0.0679101858992102	0.123721025958882	0.154450018639103	0.0426694116368965
0.134110645390171	0.0248881393576421	0.167318773859842	0.044992366324826	0.0702652575162257
0.0913814678290862	0.0311329342535253	0.100290836811275	0.0377585933322556	0.041026733415612
0.153595217745769	0.0298092683302019	0.142719655138023	0.0698660429249333	0.0742933636747098
0.125199604186938	0.0262651879648732	0.176427245573232	0.0225791353254341	0.0582291075098016
0.33507913638368	0.133863866585565	0.2938316034003	0.278218332178188	0.168078632320441
0.184978864691641	0.0750894964804186	0.286300905951589	0.194248051985675	0.135720582628859
0.120238209933456	0.0188637889236503	0.0759223662537112	0.0294275428146309	0.0452735979308233
0.0825569703411733	0.0528984956236202	0.0502519972123198	0.0960973877574293	0.0348554074980162
0.196291320811765	0.0726735008799914	0.281149623832685	0.158243651747711	0.113223285057971
0.0859343072032776	0.018871452835161	0.052112815932032	0.0668927023916819	0.0256803430655739
0.083654514627795	0.0596207172295695	0.0501705868313245	0.115567447557787	0.0305459234947221
0.0960283692093917	0.0393442192782497	0.0942449905737674	0.124639734351083	0.0332216581795649
0.101956843569449	0.0704858805354929	0.0903740244019287	0.12455628511265	0.04338574432392
0.126960481614118	0.0343529745528258	0.0990163743724196	0.0305385657695709	0.0648020095126558
0.105310677641534	0.0210777860941413	0.156867165084198	0.0251258269339572	0.0684927464823055
0.105417443813975	0.0531445832377888	0.0895920479392737	0.115884782113084	0.0263588662126781
0.201428758476907	0.0458300990775707	0.225090362148568	0.103111372138135	0.0897080089965173
0.0891306794759751	0.0517615698491147	0.0523715805038639	0.0586068687151814	0.0264539469091055
0.31443274672658	0.0286783623755451	0.23947384631162	0.0722081930566315	0.154111737599523
0.126081122093392	0.0340671040395406	0.104655391165113	0.0523514657839636	0.0590033479799367
0.097905626592172	0.0217096295601963	0.050177720556814	0.0348049116268142	0.0282861743251481
0.111903550372095	0.0242892818620695	0.135791287059107	0.0218761086918905	0.0506648946866535
0.0864476924057855	0.0673250230147092	0.0947939910720777	0.119776111314901	0.0642073881670487
0.0818107186554125	0.0233086509429095	0.0551858482140414	0.0379643974296036	0.0264278788681895
0.11881589219158	0.0190532793125716	0.196417535041697	0.0240105045451865	0.0689962041594404
0.127127338966742	0.0227602136663887	0.209612671579882	0.040374314776448	0.0768723182995122
0.113319249314636	0.0518168601510107	0.105542334271608	0.122764087272714	0.0766582544646359
0.217835843755813	0.0202528634955245	0.154989190579566	0.0224158205991224	0.113253103326529
0.0933709247735352	0.0269555221234388	0.148190424149791	0.0235560744687294	0.0588436077679011
0.100444517210582	0.0536176061457919	0.0566481383307449	0.0766571199636432	0.0412158807074561
0.114719342952634	0.0592805566927733	0.155885466105077	0.137695431977707	0.108699674802981
0.285954622992386	0.107092145921492	0.252518323357039	0.207017378446008	0.176905371247231
0.126451454408022	0.0273549980202747	0.132431092438091	0.0239790823458315	0.053371444995618
0.0995316100437613	0.0226803085446161	0.108205685083298	0.0272218284836665	0.0436328320176995
0.240629805133913	0.0245242179385325	0.257504329702458	0.025422290016664	0.146901567760496
0.132938213918003	0.0460939595243089	0.0556140610931842	0.0827587994415789	0.0740605172879423
0.0926264543175658	0.0324187618570156	0.0696121613888462	0.0755356952220923	0.0619365316813955
0.0815980604890528	0.0189668063299352	0.113261982702273	0.0236140210888918	0.0320948507089514
0.180784650603756	0.0332297451886458	0.311617044321392	0.12906561447397	0.110637685083205
0.143174951635726	0.051924562926699	0.0506050768916138	0.0693347261293412	0.0500175270853312
0.196469722330483	0.0727514334081557	0.234411692793002	0.172494071211867	0.0992037171615414
0.0916759238681683	0.0202502811646316	0.114211009137495	0.0234020249396679	0.0409599502131418
0.0910618781565963	0.0629904857317733	0.0605482523774502	0.134150230518851	0.0287326483431235
0.179576713102795	0.0561368456191101	0.0786401964737178	0.122295807033653	0.0771636499881815
0.173342709623473	0.0256141971297785	0.138691550475201	0.0220256442207027	0.0682866787836063
0.122606387410211	0.0198389083057881	0.103167575437839	0.0217595274340068	0.0415995117473765
0.0891662140342138	0.0196238796349219	0.0778191492449719	0.0241225488415145	0.0390433031062555
0.235846819220079	0.0486660976147303	0.0770931593281771	0.10439852049783	0.120105812843376
0.125795920467772	0.0209541021725508	0.123879690245069	0.021708546877486	0.0537260201986384
0.0873522044083948	0.032388188665931	0.050498717514135	0.0344823277160659	0.0272071652966736
0.140093991848547	0.0237665591047715	0.127772671794888	0.0308796737290574	0.0570957058178628
0.0968625644838301	0.0656497751218164	0.127756239307243	0.137567256799386	0.0765773237746663
0.321096873445995	0.137489386375604	0.58764242711719	0.206103200227136	0.272088225840582
0.131423484697666	0.0328885643087803	0.128674868155463	0.0261471822761392	0.0609168671908927
0.0828223246245381	0.0192833158482258	0.0676997348725184	0.0349381652199207	0.0260192444780933
0.0981700048953093	0.0590548120925734	0.179188365507668	0.137754510554953	0.0846809692823774
0.0923158822886116	0.0642693054458924	0.0654830194906455	0.122666419486689	0.0302709586569778
0.12365062295094	0.0205811795298031	0.0740096149308138	0.0351076719036297	0.052488927562919
0.13411610264016	0.0305909638236588	0.0915504967876981	0.032538024076513	0.0536473302347804
0.212698615791284	0.0261940147104583	0.161622501608944	0.0314871354052821	0.107851580543216
0.081313772251676	0.0340278368892875	0.0675319446807914	0.061113262721247	0.0604653140100775
0.20979443808242	0.026887638607881	0.177586564164499	0.0532313371042725	0.0941131172433469
0.250655991991904	0.0362194456397551	0.351140837734748	0.193315522384959	0.171708415096856
0.242060619482686	0.0702626154994693	0.168004806482493	0.165373474672591	0.173962618913309
0.135917211399549	0.0201558607087909	0.161607022433564	0.0292748334498386	0.0604968887363825
0.0836652443220061	0.0271475935161346	0.0740209961797051	0.0687019475284379	0.0271093994799237
0.0813229336187781	0.0227680119043043	0.0817565007695641	0.0341848367599531	0.0283418081278975
0.0819029941428893	0.062060863005614	0.0533024241933228	0.116011646373275	0.0380359561310566
0.0817795253555628	0.019405689624146	0.0623437218043653	0.0420312342854396	0.0254828525466945
0.236833599709709	0.0189538367729223	0.175709140666904	0.0380326111459219	0.094744284845792
0.080942030642118	0.0297457788586831	0.0847949681131778	0.0917987922308073	0.0262782295200832
0.119565606440138	0.0284119021269359	0.140482240397857	0.110376993871923	0.0885569821357696
0.0977165640816489	0.0309906043877542	0.0502120049982554	0.0663709749928701	0.0295242719659702
0.0968829002441424	0.0190886330275127	0.105055678961791	0.033908724868657	0.0363521340106614
0.121557956431808	0.0192110720153807	0.147295372501874	0.0284697476549966	0.0654766481824932
0.0851682920342393	0.0193024414219633	0.0805903984233981	0.0533422169840356	0.0362709540295515
0.0883869463404278	0.0328772050301199	0.0625878692229306	0.0478557091633784	0.0364142497266827
0.119767536233941	0.0906508673964351	0.179090510514476	0.197836938505821	0.0971147347441067
0.0922417616633123	0.0547055310109161	0.0876376983082741	0.0820634974400336	0.044812267528897
0.0984371135549275	0.0265294840487598	0.142984288923037	0.0282636101725715	0.0479625650762436
0.0880109795820774	0.0252790486500175	0.110840807185768	0.0341208158369125	0.0424199385687665
0.147505516143464	0.0197080122716822	0.141307073645455	0.022863877443072	0.0641131943081984
0.0970429722389081	0.0433314044412943	0.104429876380386	0.119441401803018	0.0337829371254203
0.0965429793882793	0.0616438373878826	0.169922065956466	0.111757725170648	0.116277223259725
0.246938647797212	0.0489464272861078	0.368963176336645	0.251955451281531	0.139046316172317
0.0809172709734854	0.0715413802124451	0.14496481887131	0.128415180737543	0.0620761195348741
0.102446582162598	0.055271554277981	0.0520969430293754	0.0836015190069619	0.0314486307695655
0.149198767321531	0.0267772233579821	0.148027466102552	0.037449769040182	0.0713130901873143
0.14436488177193	0.0697729572444609	0.0977045388437434	0.111594819149507	0.122713754576195
0.097858847979907	0.0362488019728808	0.052471358564591	0.0701988631533029	0.0348382486275916
0.181423853569616	0.0215912824619696	0.268944835394272	0.0253970778690896	0.0886431280556874
0.114232047190154	0.0365260442930594	0.0532908167576927	0.0974616975399814	0.0372124918523706
0.118159366901003	0.070987955909023	0.154354273724067	0.156872557824236	0.0759188528850684
0.173403863033274	0.101108489659942	0.263491323908643	0.204273623716412	0.095466035001757
0.0809461911539404	0.0494599521536547	0.102831584931619	0.137688315953055	0.026850185914563
0.223757391800947	0.0283989093409588	0.318765596769227	0.0789750343869319	0.168063386026947
0.24814995445784	0.0260117522921583	0.171971554107371	0.0755947659027973	0.128699736352423
0.0813380781727922	0.0624807766483327	0.0784390488764808	0.0886487608073559	0.0371725185949668
0.0866334226668696	0.0458133628724374	0.0594199501740354	0.104124050258241	0.0516420347146267
0.31582349314231	0.0383314597279045	0.186162772262205	0.0442028204380608	0.14207308570448
0.0812354442785625	0.0593406396553237	0.0510193371738598	0.0808631004353196	0.033561651906723
0.140849358749919	0.043406998543955	0.14015340465023	0.123859751911767	0.0604931322202172
0.258343024164554	0.0675992800856203	0.340493448453976	0.170493584666906	0.171168284179398
0.0809461493528178	0.0479198877204323	0.0537264585373679	0.0776671660902925	0.047240835774754
0.0971566818513644	0.0702414163705414	0.115370773822076	0.148147273897392	0.0687164430301924
0.176793313159658	0.0589790714551056	0.118600684592628	0.120359339929834	0.123769088126801
0.0887183458325505	0.0603382456243758	0.0744774003660787	0.0950614195483984	0.058293403956493
0.0911214391320214	0.0222287504619638	0.0501559887525467	0.071746670182148	0.0356272237509392
0.0998113389581893	0.0408992305314863	0.06464158811626	0.0861724762743712	0.026703150449456
0.104044060514344	0.0483923160431521	0.101989862652864	0.134801776658186	0.0702700886903186
0.26744467765889	0.0373006507433152	0.239821852384477	0.10982501644153	0.111395350841474
0.325092512354756	0.0708443887009141	0.343073262068815	0.16406270654288	0.212119923951798
0.193623361396863	0.0539323180058373	0.0737659355706155	0.115349762992151	0.0878740094907435
0.108777975869634	0.0485183049492753	0.0659781286640251	0.10041688438737	0.0475940732806635
0.134876846748692	0.0204884051183992	0.164539262486082	0.0218390352404261	0.0771370922972927
0.0836238219626101	0.070435131897777	0.0664660886814656	0.139433552691896	0.0264789625330997
0.0825185118464597	0.0716262136191038	0.0806954820836863	0.159294463180719	0.0372608576662883
0.181670799042658	0.0244919644407949	0.182217111906315	0.0323939426123076	0.0768918831363713
0.193141496854762	0.0317869699780317	0.176824242730137	0.0833178070698906	0.0871684894303989
0.0866922243779007	0.0721874388804615	0.0941259928630831	0.15345610892978	0.0496280385119916
0.0809388484038322	0.0586641323240984	0.0531541132912419	0.0538488684337171	0.0308371465049838
0.0995207815082203	0.0231303578789623	0.0698272650881425	0.0487676048616843	0.038751730862058
0.139068781073804	0.0226134889232086	0.11592729843629	0.101083467831258	0.094240050194536
0.12076112187044	0.0651445762942191	0.112670937371765	0.11836456433283	0.0997873675536677
0.133394707214803	0.0189820397917799	0.122327885087686	0.0218498082926001	0.0675709675641855
0.128785427272323	0.0190453955445832	0.115368816631321	0.023452468631254	0.0532927927840489
0.117041253014946	0.0674636211524303	0.0818916333443546	0.135733194235042	0.0560699564207105
0.081221784225568	0.0426272845922046	0.0564070092301341	0.0721207922065486	0.0319448402145627
0.0879794918304666	0.0188584675121924	0.0708303169625308	0.0218082547274419	0.0320545691040695
0.087493505088239	0.0232284832375731	0.0751687655431791	0.0722605376589342	0.0362295713814686
0.0822748417747305	0.0435773360898974	0.0594356484620952	0.0734481658600545	0.0327488103084859
0.102211473516373	0.0199285294753386	0.0606954089536782	0.0523594419176312	0.0713025794295649
0.0960755867762688	0.0216358555021047	0.0879316988363462	0.0547059604463459	0.0461214493387541
0.0998252153729787	0.0567507934981839	0.0562769080532919	0.0692864411343479	0.0406096916363694
0.123702538579272	0.0302943711076633	0.0536567439850014	0.0544207998216907	0.0420772490144997
0.154763918646469	0.0675660599371253	0.0801598746500823	0.134306525075134	0.101334728685329
0.106975491549425	0.0188601419061419	0.0920696776530702	0.0218610956526597	0.0338389020661532
0.0966566379585248	0.0515788579990505	0.0541392396881172	0.0856258607344845	0.0254326156298801
0.0940519768003727	0.0507129273542047	0.0884078608568915	0.0841817490728513	0.0453902231788835
0.0829638119313094	0.0282258106213747	0.104842683465057	0.0259620413228344	0.034393595043026
0.138229483990345	0.0238658440324951	0.183383263406983	0.0216848641003734	0.0808599192964669
0.0894910660029033	0.0363496114982221	0.0816043649132723	0.0852469601804626	0.0387840810987324
0.153661876887774	0.0207619298407895	0.165206629653613	0.023469353498599	0.0862022822637827
0.0964797143595066	0.0248479896803282	0.105094988624581	0.0330306308506756	0.0416577582982438
0.0957919111231865	0.0193807081952047	0.114514471576422	0.0224520741927136	0.0380872876870799
0.087873968661327	0.0222583022499998	0.108458690574186	0.0256958055995701	0.0327463484172404
0.0824993637379971	0.0484128705164898	0.0680800594281581	0.107398730457804	0.0254456583630538
0.174509565389711	0.0298742318249186	0.151412597174248	0.0461153849466245	0.0749686316753334
0.0897293319417694	0.0476542122148752	0.0530564718231051	0.085091705158826	0.0254299323553604
0.0812306539226101	0.0709781943925198	0.0838406364405688	0.144259660009725	0.0342068126998072
0.111827375531048	0.0336644115489155	0.0750241967688067	0.0241344010248158	0.0266976448779948
0.100086189483671	0.0692797589237079	0.0786282641460459	0.132709821675576	0.0398394657313898
0.0811817327854405	0.0272930754401888	0.0980644061205685	0.0686350336835084	0.0549699270757738
0.396569207615196	0.296585675783418	0.560523465135472	0.500542103118405	0.232029531372786
0.099544068640966	0.0189601819064204	0.0953605716897031	0.0221309792221522	0.0385277491946591
0.081514106043677	0.0331707029407853	0.0512433012352437	0.10009643791285	0.0309422446109842
0.134091065236943	0.0211150145960986	0.0513716598684804	0.051102043458572	0.0468019275410054
0.099689744202643	0.0690604618122985	0.194329701769648	0.129532236882891	0.106590138410971
0.157818680170818	0.0325111188860066	0.348591780408049	0.173018503521672	0.115339328136851
0.125128287780916	0.0677229878662288	0.105114888592044	0.129694636631799	0.0678564631339409
0.0815211049326225	0.0648279887068663	0.0835120917985376	0.103848542196454	0.0382914021335873
0.128337182405839	0.0273446856761831	0.129219028873681	0.0355322178728684	0.0681560107922271
0.173391716328275	0.0287582227222346	0.2408981440373	0.0495876192617841	0.0847753437136216
0.13504430293037	0.0230333516609378	0.0980119889001936	0.0218264273217619	0.0611177473546305
0.0815323143814494	0.0200948081517364	0.0797980163613915	0.0280427596242842	0.0269762280079238
0.0838908550447108	0.0714732481396068	0.104816715593336	0.143345752100105	0.0272747789048897
0.155157351076797	0.0197908101716742	0.123965647309091	0.0322467535305901	0.08169415482815
0.213925925011202	0.0188637432661462	0.12394602385075	0.0246828647776262	0.0773971988318793
0.0967598722738177	0.070083278918183	0.0686350604502749	0.126654184673969	0.0456760954584803
0.0846861238806849	0.0196407390596255	0.0502475310362721	0.0677695225834519	0.0355131165635219
0.22002291747245	0.0343218250473173	0.233803347604203	0.101446237409726	0.119199512070852
0.17205898263513	0.0325637271768057	0.162054756145761	0.0451582835403313	0.0698635085406646
0.0825204292889096	0.0698503218191234	0.0833139267979612	0.126369598528452	0.0327451759503379
0.146455493970495	0.0235179429559911	0.134178675556092	0.0251944284217141	0.0652395428325025
0.154785016465731	0.0320033377436701	0.234567602165392	0.0940925555960205	0.0974937933720309
0.112424256938101	0.0277603494984709	0.0854889633241513	0.0790126271043624	0.0255494863325167
0.10661966167677	0.038217493048083	0.0846669291075805	0.11130871540277	0.0668448419278747
0.149252705754391	0.0188601567223487	0.10201136867889	0.0424944415164166	0.0629019890084947
0.0817268197060628	0.0283598228727915	0.0914521369972121	0.022069346352257	0.0348432790092563
0.0945505524157224	0.0695324513561746	0.060568262637232	0.107008743753643	0.0371087695393576
0.174146253565343	0.0190428903507201	0.0708680803019953	0.0355244493991637	0.0542921232940299
0.0888544874548039	0.0192763355573537	0.0809870235961589	0.0410741846042665	0.0345456209194655
0.117602263061922	0.054038326901593	0.0571864646107253	0.0792148704003192	0.0723609555420281
0.531739139616062	0.0698674129377341	0.687479506908646	0.307208335395046	0.381425819876533
0.273667852560939	0.0560157676721843	0.158036633959369	0.090614130594114	0.136416033650532
0.205115221876139	0.0327215668806814	0.192831199153534	0.0915154433188941	0.127707517093932
0.100499361097069	0.0363945343579632	0.0501559364379496	0.0832964360028525	0.0366970029971199
0.087039035321563	0.0191407399364708	0.102116208303355	0.0618934508066091	0.0297097686410708
0.0998449270112802	0.0306911486103308	0.0501563392909048	0.0744201544406304	0.040449046246578
0.0844759288905731	0.0651887581864491	0.0649121268317888	0.108273139410827	0.0343557607099229
0.108641622392076	0.0661114081154114	0.102323149280952	0.10158089174992	0.0777377650118587
0.120461917583794	0.0711150689241645	0.200743105327471	0.178632190058867	0.111825111678966
0.0809776230020761	0.0188668121610209	0.0740696226263361	0.0219330009995027	0.0377467249337996
0.0831412937525196	0.0529448212978327	0.0585414266128378	0.103141015233932	0.0560291874989685
0.140127373639695	0.0221952842444744	0.1024435859024	0.0323134883870167	0.0638140548743188
0.108973122691606	0.0675154149469858	0.10098501637018	0.121757536174791	0.0625173975457526
0.0836354059677082	0.0417059685389664	0.0593537864915337	0.0517961671915677	0.0419692094035148
0.181284418869805	0.0248824574208975	0.154679550298007	0.0730926146012545	0.0833186306416707
0.0809986043157654	0.0666987261122533	0.0918974041673724	0.100684559819248	0.0254437100153656
0.0812281927488363	0.0253925776092435	0.0502346554835574	0.0969520266370901	0.0294106727967346
0.0883059620182603	0.0251487727043491	0.0508484777629388	0.0584212825191843	0.0262615027194812
0.0905841648177078	0.020322033088316	0.124657322566959	0.0349061703344554	0.0433892023165691
0.0815590360789622	0.0188736596603208	0.0859791876533741	0.0426777549470969	0.0354743564915111
0.0832388607831288	0.0238105055484592	0.0575303384612133	0.034907773117731	0.0254913142427995
0.187857697242652	0.0360286811842004	0.200698547008251	0.0957577489601963	0.112158256576265
0.0970018863905639	0.0203026276197408	0.0507688125965172	0.0403867457821019	0.0491702882125858
0.462885058377543	0.109757513912817	0.258750256372157	0.232492740222184	0.281532687834782
0.0970587119359354	0.0721585399486042	0.119715258521787	0.167233121351526	0.0341183407614868
0.220618469580081	0.0564755177561472	0.0703484636478867	0.0933932522154852	0.0776453434861541
0.184930907561211	0.0279296641939957	0.27886404968706	0.0354971283347549	0.116392915285245
0.347430596393253	0.0469147852145053	0.306676646437295	0.178940493053472	0.202455279606912
0.0840170977980376	0.0307824683589643	0.0535794205740095	0.070329982535573	0.0430861970965911
0.130528380504322	0.0454327843951712	0.053117104935712	0.0732785886488309	0.0364301076027095
0.0826292899880348	0.0265679081914083	0.134215816938643	0.0240822686671207	0.0438788410955745
0.183771327611012	0.0626855403128622	0.0793890727835117	0.131422016662638	0.101252220869655
0.133014125149696	0.021336618472978	0.10113507241555	0.0245253548117208	0.0639068048605288
0.103031483973189	0.0251290720743003	0.141725777472716	0.0222769210378168	0.051739216258218
0.124171262973376	0.0203378439014481	0.069793974185658	0.0489841183451015	0.0444640463549593
0.166901668719291	0.0270449906005671	0.159875553967874	0.0233427708890738	0.0659712438513257
0.289682985677694	0.108538441148482	0.373013408113522	0.268623669857394	0.175361477366322
0.0999351653792564	0.018977669481033	0.0507757610035863	0.0373642316015273	0.0581042857066771
0.107848550173844	0.0208401479054674	0.204951299690193	0.0411707387504801	0.0573936248174248
0.0996708328577654	0.025965061434184	0.116536703193174	0.0243858545792427	0.0519516452414742
0.150844204600691	0.0442103775686995	0.1729822119416	0.171067020170513	0.0713407535125806
0.0925141103201332	0.0190891428266788	0.0960644214805698	0.0237750143688702	0.0317489402042828
0.119728068257407	0.0308827030610357	0.05600736946902	0.0733197638298158	0.0587634060517545
0.0823431304855338	0.0699559449041449	0.0597249913763847	0.136263882282524	0.0340560086704233
0.197121570171281	0.0509152569539958	0.219216704876484	0.137641211332003	0.119164446633276
0.244396764277179	0.0223858245804731	0.166964966568525	0.0418528270449151	0.143658251531461
0.305314265395146	0.0715447840809213	0.144196739978644	0.162450499960834	0.169791514422548
0.0934629458952694	0.0214783272761428	0.0712041778084802	0.0314645085561511	0.0285069490413708
0.327049742374029	0.0405604045498611	0.351978580406886	0.115948199342623	0.209443651782764
0.0816532199265073	0.0195873181065159	0.0504605651889225	0.0468078928819223	0.0267004028585706
0.114282309346931	0.0694665255199175	0.173171462254441	0.139625847945499	0.105437982626386
0.192705887769298	0.0261086299865357	0.214201198506285	0.0287786124447676	0.119520796762501
0.115666713217662	0.057035862596977	0.122761381970639	0.106865609386146	0.0904987758793052
0.150047402622628	0.018858631523876	0.0502247564438868	0.0549414528406086	0.0509070239214398
0.0855915836131505	0.0637102942038435	0.143420003304909	0.122736490667951	0.0644040726113187
0.0809471361383378	0.0299861967085541	0.0653495302531221	0.0736165133666861	0.025651680278708
0.252221907757139	0.0680013903569232	0.17374771683418	0.157850409630287	0.160692988575479
0.121747301629592	0.0257619287670245	0.134754915391968	0.0258382940678964	0.0627750785514582
0.091354823567804	0.0199697307993429	0.0832485024805336	0.0426685800055354	0.038611642941489
