-5.15470632452292	0.00440416095476487	0.0618016776039558	0.022926095193078	0.0039452299248305
-0.283251151374667	0.00669772816829345	0.00698696470076961	0.0250044017950796	-0.000974257028796004
1.22481287600154	0.00697848279428444	-0.101611286913099	0.0279920079813774	-0.0147065205656294
-4.39793137350707	0.00803092836983238	0.0492665353867833	0.0228000272525685	0.00335981786555998
-11.5265789955415	-0.0093695069207534	-0.523704881675549	-0.0998174616121481	-0.0121626720279897
-5.31196438423878	0.00418072916709336	0.0816521872734244	-0.0334354113831016	0.0033480748243027
3.15999331765558	0.0105751642530442	-0.0480885331549275	0.040402520302755	-0.0192691470206269
-17.9586424943605	-0.045402540635549	-0.557960555832322	-0.232390631109225	0.0424837424339738
-0.0936310560892597	0.0101243528549161	-0.229021302739842	0.0443045931242179	-0.0102949739219142
-5.32920598770499	0.00409665966002447	0.0689582494041859	0.000835818913829299	0.00413842490742425
-3.34332283092689	0.00428929694267699	0.103506344463361	0.0155575625239739	0.00306125414644719
-3.25936933176353	0.0040669905117697	0.0231538208641957	0.0125769573388738	0.00410303563312313
-3.29551574137233	0.00439245308244702	0.0468426011491165	0.0179382902493222	0.00254916661975511
0.911823612894509	0.00461933768397889	0.00559319972856832	0.0251799106580951	-0.00656199618801826
-5.55706155438434	0.00425668254347586	0.103514017294891	-0.0136016314205644	0.00244735552968433
1.8469209421771	0.0113065884202385	-0.387686520915989	0.043858381891927	-0.0152971383709634
-4.04769734229298	0.00447710951467979	0.023113269512436	0.0192771400434647	-0.000820208287984908
1.86263053364808	0.00423177503691838	0.073704761017401	0.0277420246952395	-0.00381914741428589
-1.01510935197621	0.00407495928067345	0.0510298714175401	0.0114147986796949	-0.000685677402333101
-4.3418008542664	0.0043231048587774	0.102837735885118	0.00202397979602269	0.0041313052408384
3.48746584112294	0.00976707754837575	-0.373937894203288	0.0443175261310244	-0.0321514889207968
-3.731799957811	0.00861355949060446	0.082094915703862	0.0113970535330837	0.00237144590864164
1.12849024635594	0.0115111746645813	-0.0883393898759947	0.0402731482226262	-0.00475480019858933
0.142135238284536	0.0104412649318958	0.064007142487972	0.0246695432217236	0.00114902698812156
-8.22089729273232	0.00407034899698084	0.0393236130315303	0.0171849642515961	-0.00822611692685338
3.24536566401	0.00936166220388322	-0.0700607127521794	0.0394453659815803	-0.012391909455006
0.792104517691313	0.0101395349740557	-0.270400741299247	0.0407147239499503	-0.0105875661145003
1.37701790449863	0.0114693855973964	0.0340825156676166	0.0447211387908704	-0.00148504341968721
-9.04733247690157	0.00385973947698478	0.0189327260004848	-0.036512979432297	-0.00377768418248535
1.11207656453732	0.0110243867943737	-0.107825894922365	0.0378625915191357	-0.00982908143135345
-4.92777461885142	0.00407885238025776	0.102753656730348	0.0156476442081416	0.00299136953677026
-3.02697949131249	0.00435054108168258	-0.0908875290538712	0.0121435808367209	0.00398646179007295
2.77020710462762	0.0113564436267287	-0.183488481537765	0.0420176945138803	-0.0193375817289379
-4.37138397705182	0.0100074388275881	0.0784533190250824	0.0270351102128197	0.00386049172844797
1.87631482007362	0.0113877310028198	-0.0612022947520759	0.043893401024931	-0.00820662409190715
2.25530099416	0.00668330983356535	0.000862752193468221	0.0332129419785825	-0.00870228646136268
-7.46901576537588	-0.00630733640261267	-0.36193916517038	-0.105867751948709	-0.0086446192145734
-5.28010795834431	0.00417471352387348	0.0994391381745238	-0.000179144948657933	-0.000118196264317297
-2.67394399423279	0.00408167543426618	0.0454037567728388	0.0214038894259876	0.00248606728774755
-5.56447429597877	0.00431655655812192	0.101523052828986	0.0126750610638435	0.000901969366701169
-0.949528039819099	0.00408312988067399	0.098538250616688	0.0213363635586241	0.00135172697648735
-6.14979770928217	0.00406731264910266	0.0720239633286987	0.00845576041783269	-0.00423790543768453
4.94189210304413	0.0113715449770397	-0.377827281167013	0.0366091382883241	-0.0405964043253417
-4.61469372773382	-0.00137692796201637	-0.0545249524108305	-0.0652237346963917	0.00295665045657922
-3.47276927852912	0.010524816110415	0.0239499229557491	0.036498996458502	0.00341516901831339
3.31043935868993	-0.00343654158033657	-0.271869957131556	0.0428014890045339	-0.0190385905141161
2.38224735720119	0.0114823084826857	-0.0240419993139403	0.0387237773144161	-0.0096798341841919
-5.04606056675924	0.00434535481840309	0.0966795101909576	0.0060236407057075	0.00328223577805965
10.3097936657342	-0.0429315959503246	-0.775390912620665	-0.031623211954475	-0.0577428829957278
-1.08055644337543	0.00952261752021898	0.102506386854245	0.0254819008824691	0.002579064207543
-8.02719309201587	-0.0200471575534233	-0.3543575632908	-0.130829285158124	-0.0158176853832479
-0.739347608240107	0.00406751149764494	0.103502135162676	0.00769100606817954	0.00229816726493054
-1.82795217415043	0.00467952403862812	-0.0386681459910105	0.0289895923180646	-0.00186542426057514
3.05974076730116	0.00594737442427302	-0.0842953726833328	0.0341402503821444	-0.0134939215699041
3.71566278644218	0.0055907693533576	-0.41850522857043	0.037378759403799	-0.0366292502622677
-4.75388908118716	0.00491044239024937	0.0915679691194096	0.0265442824157092	0.00399344334072585
-6.41390591286703	0.00278971706564028	0.0475640023776088	-0.0331454396071335	-0.00345525815779401
2.08146526455771	0.0111202175176223	-0.187270257626186	0.0427811747210514	-0.0163221221120989
-0.781145699003744	0.0082984944390624	0.0617104802889658	0.0312886113560363	0.00343909796004241
-0.477803080129802	0.00578745113112142	-0.000170418423954596	0.0351410133486736	-0.00384391855050805
-3.97357961596877	0.0023523627466718	0.060390885566382	-0.0294119845776516	0.00356859516025071
-3.82031459008365	0.00406831908096072	0.0801864230862296	0.0120241021178714	0.00396851997864687
-6.07629945321809	0.00666887618530042	-0.0447970781992854	0.019845935359521	0.0034799477818843
5.86565552164449	0.00501218554626677	-0.0807897552646199	0.0329837318979121	-0.0296515866293778
1.18100843847638	0.00492764179023508	0.0351846534490247	0.0221316284494504	-0.00617941254749617
3.82391496599504	0.0113310146246681	-0.142175189290479	0.039745296685407	-0.0299126308848709
-6.41082147126239	-0.00100684750388103	-0.239522706707082	-0.0771958537109101	-0.00971249368200489
-0.97870648595682	0.00983139029508753	0.0186557202968568	0.0357454606399851	-0.0033190303423646
-4.8764561422203	0.00615782675548005	-0.00354725348119598	0.0245038625512217	0.00364923995930631
4.08898046640486	0.00620546773684342	-0.201436349466426	0.0379488467324525	-0.0177221128577263
-10.1253284928902	0.000238414118427327	-0.192591284047664	-0.0629758245268378	-0.0166686765625916
-4.33632045229166	0.00413811854203219	0.0879677962456698	-0.00371964660082034	0.00109664568347063
1.55981844503815	0.0109468387591347	-0.0777173059711066	0.0433329156977132	-0.00855687004269047
0.51940469617744	0.0103298622370254	-0.283841613086875	0.0450235209998227	-0.0167129000756126
-5.60716583238421	0.00412477443659452	0.0993638335491482	0.0135853476616988	0.00402076695365651
-5.12846388375947	0.00416195323073796	0.103102332774186	0.00248340514180053	0.00393313892095952
-5.63063055289807	0.00427920156084823	-0.0620989353761105	-0.0370699980290543	-0.00260440294068637
-5.69257382575646	0.00408354025793396	0.0418130348544569	0.00882309454673172	0.00211425901175838
-6.16461822304624	3.04032752459815e-05	-0.0218002592405718	-0.0397612268275175	0.000867957554143749
-1.62475508669586	0.0041581217405696	-0.0168618445265681	0.0282908138043131	-0.00436207098318145
-6.67668884540626	0.00413769022691353	0.0186394020624315	-0.0264776752290877	-0.0019629500605432
-5.83728576243728	0.0029031641575041	0.0904945625686084	-0.0357389219413731	0.00251101045551135
1.52451977852144	0.00742438074264415	0.0665354039543729	0.0288113453784714	-0.00167024082403542
-5.71191909358489	0.00493207383870932	0.103496772548378	0.0181850227616271	0.00317278952070984
3.48647408840199	0.0108440365371644	-0.112373318397498	0.0432706906605854	-0.0127152133203364
6.61352159734021	0.0115120797655105	-0.350424121061585	0.0315671844290236	-0.0459157351915697
-8.08247251814969	-0.00517842675106757	-0.201452704826189	-0.0824701355366989	-0.00726051246128411
-2.43918580046887	0.00455676335829255	0.0196279673705311	0.0322181845685443	0.00322569417638307
-1.81755962468698	0.00407675444944232	0.0102202169013138	0.0162925314908069	-0.00324983643739747
-0.881114521883809	0.00413155325360562	0.103508718620014	0.0160590799647839	-0.000952076122802136
2.55345792034152	0.0101905180441988	-0.333342962070307	0.043855966280661	-0.0200713777679674
3.07007936528182	0.00736445874138781	-0.242094694576436	0.0398314560255059	-0.0270492453566115
-6.46774584355487	0.0042243605936365	0.0996222954361952	0.0175405838483734	0.00135267856044676
-2.87376578297313	0.00788745485062936	0.00339928402474989	0.0315092495142234	-0.00202500869165476
-1.95277511291182	0.0042944260448511	0.0720586883615714	0.0168845470673284	-0.00141259957001119
-6.57601268059851	0.00380862641354065	-0.0877424971749355	-0.052402835005444	-0.00218561566024732
-2.28861971109035	0.00888943154436009	0.0994883967675708	0.0238016818990543	-5.39902387699884e-05
-6.34901851672703	0.00417957428241566	0.0857182556446521	0.0189022029792426	-0.00609187829425409
-4.11887337558847	0.00882181116546285	0.0583496965574091	0.0250313037872201	0.00138854442896179
-1.0314399567856	0.00376537717334539	0.0709216911883671	-0.0313085715296348	0.00319981487722611
0.0699784340740521	0.0043772463818266	0.0492824971630779	0.0200204986882095	-7.99215760529468e-05
-7.27056596897151	0.00407637828747605	-0.246778806220619	0.00637947680607438	-0.0112635342372642
-3.70595639811816	0.00438246746272552	0.0171216542134314	0.0144585333865421	0.00227829913157408
-3.49882650130246	0.00437140995949115	0.100790821261339	0.021013258954701	0.00366491313063861
-5.2443308797612	0.00410881435217636	0.102567700845331	0.00457575856843757	0.00360198934414348
-3.26365741241408	0.00486395924248318	-0.00374314789307744	0.02536450991179	-5.06854664022261e-05
2.27796978773131	0.0102849929471717	-0.082652149323936	0.0400547246666723	-0.00680460101359845
1.77742630040521	0.0103053558069451	-0.141555639592102	0.0436746198618237	-0.00550869243421531
-7.59328789153612	0.00329621936788789	0.0248615443288401	-0.0174201762606143	-0.00300178729573009
-5.15140578514796	0.00531208097991702	-0.0337293031426243	0.0202091251790743	0.000676714831573426
-5.24258706174821	0.00291801426997714	0.0243370595950163	0.00430637147812362	0.00176841000844696
-5.86612533065074	0.00161108273844205	-0.225610026595514	-0.0311757773699221	-0.0116040010327011
-12.0788420189976	-0.00385880101659062	-0.271583655886425	-0.0743109802340623	-0.0189477379675995
1.62959543839277	0.00789851505468579	-0.107588140555004	0.0402170397380647	-0.0147314766463357
2.93647425535957	0.00477282726530443	0.000639147958158094	0.0231083692597864	-0.00889878569095588
-3.82165633685749	0.00497198576513051	0.0781476911552716	0.0158011593861934	0.00320296780569694
-5.44974653130117	0.000985887617323128	-0.0833580037811397	-0.0331474739515815	-0.00156793954244959
-5.11813036352992	0.00406875541578151	0.0759061068299351	0.0204495333191061	0.0011852990656327
-5.93857917813636	-0.0111681347337441	-0.199405981048538	-0.0503097717636297	-0.00477349318296118
6.70929872497944	-0.0054454041719264	-0.732866324492743	-0.0147263318471502	-0.0482607041225847
-5.51622483777348	0.004421539385413	0.0677767774918106	0.0270835324114174	0.00377374831083459
-5.04776479889631	0.00423311072553666	0.0271457416195276	0.0106874468417309	0.00411959007076344
-1.91351401241237	0.00406848101640301	0.100229401577252	0.0218899163858802	0.00394162758897767
-5.94607437332581	0.0042846233555759	-0.0562939275169899	-0.0283138611836207	-0.000980835002103387
-3.79428516489952	0.00457023260255247	0.087924137164062	0.0190225496120248	0.00401389351875268
3.59538400485795	0.00531208554802215	-0.0573797635286502	0.0281103841219004	-0.0146641152677954
2.72262923206482	0.00469965833403011	-0.0373711966712461	0.0313758654269697	-0.0170658838850749
6.7148917802903	0.00697488823313398	-0.18331410344185	0.0438061824338658	-0.0352907745010767
-2.62670544392277	0.00421009002756734	0.0753166719906072	0.0140891733192297	0.00111360062592404
-3.06695043285076	0.00489536595802783	-0.052600065928304	0.023364190460215	-1.82733756816058e-05
-5.26310956556391	0.0030716997234507	0.103456395985088	-0.00426449709386317	0.00382958351321746
-5.65812933438654	0.00419269781727754	0.103433455667973	-0.0184451186233528	0.00383368805548202
0.939676941211291	0.00600572672608188	0.0377301511448136	0.0343475575264659	-0.00320180804314684
-4.41330760410195	0.00673255645996047	0.0265286194902075	0.0224348233139373	0.00413327435069583
-1.5145061453786	0.00465644803366537	0.0653226632281387	0.0113797798051618	-0.00312062873924865
0.103992474811341	0.0115124864168327	-0.0994347406339521	0.0449411301073935	-0.00855385946722846
-0.441404003304171	0.00979092413868451	-0.263806288562864	0.0432407406863642	-0.00803038863017169
-1.05502396331759	0.00701818367741399	-0.119791791861032	0.0443800903109202	-0.00137696291709221
-1.4010660085423	0.0065623859869563	0.057477414260942	0.0292898740198976	-0.00209307450483301
-6.98140654971439	0.0043457387196022	-0.0442956007891754	-0.00549135942553748	-0.00794956887051157
-2.0516387613264	0.00425986061484793	0.0119573310950368	0.0216097981814803	0.00297202406073851
-3.29184154018907	0.00558390307594614	0.0987192948222931	0.0133008803315069	0.00413418228279024
-3.22076602510528	0.00439009866108586	0.102190366077623	-0.00598022604013881	0.00410239856143012
-6.48823407503113	0.00438988863952776	0.0951504488148485	-0.00181653603134609	-0.000958167651346713
0.643126900321773	0.0101407281234855	-0.0176176293425602	0.044346799864141	-0.00640897908045067
-5.99935366635525	-0.000727132256577154	-0.277009516804177	-0.0421453015259378	-0.00188578502946699
0.833877529758123	0.0110592921823792	-0.14596537388504	0.0434778266406471	-0.00958401285636918
-4.83144496633494	0.00407150553852545	0.103482582311398	0.0116868879232331	0.00373097807640735
-5.79899553508777	0.00465920922744109	0.0635815651824751	0.0160322514853342	-0.00212310936272975
-5.89347795182821	0.000333617195032944	-0.125108634429637	-0.0338300954472404	-0.00409708581619967
3.15323505962195	0.0106879680021683	-0.165482329903416	0.042050063714307	-0.0160500476097893
-2.64985509450429	0.00509111405769054	-0.0363062988476851	0.0278774883887415	0.000495905747199293
-6.28543075394478	0.00419384812790554	0.103144248547835	0.0138188762923988	0.00195077540708445
-5.35162782919647	0.00436943603377817	0.0360986808533136	0.00608374570751069	0.00133763960812288
-3.23413171894217	0.00991322898684921	-0.121709611466568	0.0376919498779079	-0.0013505373421625
-5.23384522644217	0.00406681049900797	0.0973117812768013	0.0118357933740668	0.00411339440298081
-1.85527149344825	0.00895085060005561	-0.143391739006704	0.0405152023414741	-0.00418775527541998
3.56378810616218	0.0113098585437018	-0.246249650892316	0.0448877955026934	-0.0192055116593715
-5.56508934510732	0.00352388018508256	0.0684379390365073	-0.0269374853226229	0.00168311618096281
-6.57878895596417	0.00340437488205177	0.0424942751927903	-0.0230415281928774	-0.00598285562640004
-8.66847128898345	-0.000118201585190518	-0.136308945528821	-0.0479729112234383	-0.0134942888234779
-0.412468140065492	0.00975888248830554	-0.122919064375564	0.0403075912186396	-0.00364625565167863
0.902694679634659	0.00409138229104694	-0.00399199198292157	0.0211721839000971	-0.0105423501593858
0.94940877072464	0.00870624862536121	-0.166911671679585	0.0436128221510769	-0.00954269246799824
-0.437986722597039	0.00513214553416869	0.0838427168025783	0.0255241738194105	-0.00339458641699187
0.0539425977702721	0.00410050523119295	0.0637736114152554	0.0105558212537254	-0.00232988584324644
-2.85013830286315	0.00808282001828962	0.0853777809553216	0.0179289784681632	0.000910352712622965
4.71536234379396	0.00432424858531444	0.0243556604356214	0.0269404829667691	-0.010407750733901
-5.89129073910073	0.00397679698604684	-0.00691781970470122	-0.0491666313430022	0.00376594257145936
-1.54686774447985	0.0103982553510233	0.00374710906013465	0.0338964502606227	-0.00196791838966469
5.87286004144576	0.0112616556625402	-0.113079095322917	0.0450978701662683	-0.0265399850001953
-5.13389781252413	0.00478681488866372	-0.00552780984970474	0.0235384247298734	0.00107304799067818
-1.01208896650615	0.00435449217999019	0.0996347217845134	0.00769601469745477	0.00397287555118132
-1.36286923936724	0.011107389882009	-0.14645904664516	0.0445944023380407	-0.00548874185559661
-8.16515910364434	-0.00355888733814149	-0.0666164009527104	-0.0568280497936084	-0.0106357420013707
-1.37026815052913	0.00433766567287752	0.0399519619749889	0.00829221917939136	-0.0070952873178337
6.1397392290971	0.00473387845744369	-0.555400009275417	0.0182630078947021	-0.0489477392139923
-5.26198542429328	0.00436450333060857	-0.00875568237300987	0.00761530562746391	-0.000615832024640055
-1.01545065194677	0.00562728043218793	0.0361702390212874	0.0246004533178876	-0.00220235425904279
3.06515105895611	0.00793969906929866	-0.17069381013122	0.0363825184980079	-0.0138409381895622
-5.81331264995956	0.00428831905048251	0.0959337048248161	-0.0107591360755774	0.00185616051271928
3.90855573561827	0.0114764324960416	-0.235720300291435	0.0438590080224237	-0.0203318340666672
4.07717622653471	0.00959195597970362	-0.0622561058365791	0.0297716576569042	-0.0191345825333229
-0.929829271923736	0.00537185189510592	0.00448469179735088	0.0335432679606491	-0.00133329711992194
-5.61547640087899	0.00408315403619646	0.0805540126890403	0.00798860450482629	0.00380537824009933
0.272809940273953	0.00795835963215233	-0.074252046837862	0.0343528999613427	-0.00786355074205699
1.4289413495613	0.0105090204860833	-0.0969926635858024	0.0430879953829321	-0.00801694949571902
0.0818960771931986	0.0104197604775288	0.045551174210703	0.0356385146693442	0.000332635007418941
3.33532896263097	0.00540071292244221	-0.0298057136910658	0.0216048909504936	-0.0111349565088274
-6.34138264413557	0.00422182505181982	0.10349802983124	0.00336026606967909	0.00244121000375852
-5.10694897549519	0.00406682202320608	0.103110027128476	0.0130618427537409	0.00308241083601472
-2.29590550665839	0.0040754706394665	0.0372964155275969	0.0170167122318526	0.00354152554606272
-6.16635344672464	0.00410149048078516	0.0633270059225595	0.0131498969835125	0.000974480052836386
1.0204784750133	0.00835807738985717	-0.0512157947303038	0.0417867902764696	-0.00957628212773486
-13.3904881885821	0.00292786586182123	-0.166787732533398	-0.0415718968348988	-0.0190917979688707
-3.38439640225851	0.00282132220604654	-0.0112804053638272	-0.0329698167720585	0.00328399730412687
-6.75991901926743	0.00390548386050941	-0.1884674117802	-0.00806173116266146	-0.00810813176983719
-4.98690035313921	0.00424784987062121	0.0737004237320584	-0.0039945046409805	0.00413139333751426
4.18968180688498	0.00498291064040792	0.071250277730644	0.0289773133662238	-0.0121127229277347
-5.19601773018787	0.00592962726192565	0.0929977282177871	0.0204744012729513	0.00138964502593481
-5.18136690055361	0.00346593829994585	0.0590611771607143	-0.01386796228953	0.0038445448427927
0.954015786116487	0.00931404543329705	-0.00252761107575624	0.0362404288882498	-0.00575370156981929
-9.86993188765608	0.000781680593480984	-0.117476263567375	-0.0627954408774927	-0.0129281763300162
3.32247986683167	0.00745505477165162	0.00546946935803141	0.0313188528354317	-0.00925047060415669
-13.5797903443214	-0.000907212652564648	-0.447093919566425	-0.105609448618103	-0.0168447230627975
-3.06874866400003	-0.00663966495297209	0.0780106449053572	-0.064579200074909	0.00411522999617593
-5.53757558398642	0.00413730795232227	0.102734765062196	0.00134021208606947	0.00386484703032652
-5.237286239692	0.00407546297600575	0.0816961889582227	0.014886180308495	0.0014733471537001
-4.14085611241117	0.00561198430014787	0.0872599766799865	0.0311851963790153	0.00266039356426176
4.61220024432707	0.00765919447332578	-0.2424990127974	0.0389815229916786	-0.0271682687325052
7.77091750171053	-0.0105599262084484	-0.476383453790054	-0.000152849364749695	-0.050553182717261
-3.56741109440381	0.00428450845269155	0.092363934260511	-0.00159969947481961	0.00315643854616867
-7.78213630551324	0.00438393272077545	0.0993912797874853	0.00684934816162909	-0.00334430851671055
-6.00002390685856	0.00292849509369465	0.0188145835601667	-0.039056437914658	0.00232005431310003
-4.74999321626757	0.00794230317242719	0.0599843790583357	0.0382235730148336	0.00266218327366906
-5.15148941316163	0.00432503517048749	0.0771743983818029	-2.95060476792102e-05	0.000921370664624326
-5.50830879274988	0.00432692423637552	0.0518811300280624	-0.0021220730591858	0.00352269681341394
2.18575610059389	0.00696351833752408	-0.198966982816261	0.0406735537526137	-0.0220841506345633
3.185990706098	0.00658204557892351	-0.111295613347114	0.0450275677727123	-0.0184106727326761
-5.19095343140642	0.00856198764971904	0.0991229069861304	0.0275856571105877	0.00214717702009731
-7.60894075175986	-0.00125399123491024	-0.00202592409879373	-0.0195292833248077	-0.00305858918539788
-4.041366686371	0.0112890403279202	0.0985916141013324	0.0368916768707504	0.00388096496531646
0.731415545130963	0.00897145887876388	-0.0837985328366325	0.0408867669395307	-0.00916615454366215
3.27913839555332	0.0096235380455527	-0.0602800133775137	0.0384307569194793	-0.0126966538181017
-1.91629678193215	0.005656565987195	-0.0594348505780788	0.0266077792260249	-0.0028645115896481
-5.07417814572887	0.0096022312198449	-0.0298433621189071	0.0317195392765643	0.0028852853135608
-2.02515400329951	0.00408753621864804	0.103511564369544	0.0147680951606031	0.000777362542007893
-8.73678609008825	-0.00517726964138641	-0.202673549528693	-0.0996487288064534	-0.0124821803873513
-6.56465497758537	0.00436289432979251	-0.0148372120096319	0.000560119903354328	-0.0046334287936605
-7.72660603787443	-0.0047565140207502	-0.516996440898451	-0.148212786374683	-0.0184411388985644
-5.69835275459755	0.00407402852366531	0.00908412379748418	0.0232472403574909	0.0039786251322517
-4.67887250706563	0.00617387461605755	0.103421210248885	0.0204349372887867	0.00386288214676909
2.79398302035748	0.0040685704522027	0.00705795970413589	0.0166205281612184	-0.0112388780609279
3.01133728341473	0.00739956464435265	-0.128548642923053	0.0402876279869336	-0.0162930728775551
-6.99352609101243	0.00435327395300134	-0.115449982294814	-0.0103681804672729	-0.00227193438607748
-3.4822819436103	0.00382039314633141	0.0905383892755255	0.00292172662231509	0.00338626595112546
3.149381934935	0.00600529600580512	-0.14779386123587	0.0414658555503467	-0.0227583723458405
2.4282443108364	0.00936287784003312	-0.11496520601229	0.0371100372514536	-0.0153955563557363
-5.82198946008186	0.00409509360407739	-0.0106131314155248	-0.00239346327835812	0.000806706372063807
-6.06468340888249	0.00328875460311165	-0.138516616208324	-0.0257809664583581	-0.00745257099836396
-4.01118395613612	0.00429129712426912	0.0888368442635606	0.0221587802685405	0.00371014695555345
-0.139116598811039	0.00426080568239277	-0.104556882062018	0.0303675498551005	-0.00899150584355908
-1.6429702943248	0.0101448584433258	-0.309142345202733	0.0439547934460128	-0.00795228811184277
-12.1653808997646	-0.004757617229695	-0.303926013349206	-0.0397639143199873	-0.0176639856759088
-6.87924137790159	0.00220320394026861	-0.106540401742199	-0.0348286460551855	-0.00269987890450892
-6.06802049574407	0.0043243476577356	0.100776992392974	0.00398545292268401	-0.00337630288724436
-8.27718701774911	0.00413959783599869	0.0732759128282359	0.00364014508190968	-0.0078272094809993
-3.98678698085319	0.00409669276216554	0.102311022501964	0.0149939724850735	0.00258305028857132
2.94379289293067	0.00891291300112805	-0.163345249429478	0.0443988719545671	-0.0125817605071746
1.43474966056936	0.00585261543666861	-0.0548401305247323	0.0314216821302433	-0.00674992277763023
-1.37232117836528	0.00427775445576749	0.0126848155404503	0.00167826720887824	0.00276288176867375
1.23998396645111	0.00946153436589841	0.0633121213449185	0.0300261300142423	-0.0036042628401718
4.08982544848504	0.0115000510072537	-0.0817157778169751	0.0448655916984576	-0.0156826984838892
-0.612440462992071	0.00646773767925529	0.072886181463265	0.0358842949994473	-0.00246287089403233
-5.12911143410071	0.00382693453063794	0.0781811490297226	-0.00255016934150595	0.00337772785651952
-2.7985562298295	0.00508651403354296	0.0858531953128167	0.0212156244521411	0.00291297011871723
-3.8795348504976	0.00075300476775838	0.0255264144213302	-0.0647605893668893	0.00390457548243299
1.93910519389494	0.00761595608044888	-0.108466215830778	0.0314267363866983	-0.0139235686461857
2.78563916132336	0.00696924165519465	-0.131873458444026	0.0418058727172872	-0.0139206903641491
-5.17890520651721	0.00439443807151374	-0.00221952767734647	-0.00714304706713714	0.00180898236314129
-7.91253828309033	0.00226803621701889	-0.300023817978536	-0.0721066968185087	-0.0180486603382955
5.75857210414727	0.0113748049655621	-0.235960677546853	0.0417092995118118	-0.0316727245731597
-5.16714475748743	0.00455236073802521	0.093453727505537	-0.00256189980952333	0.004144564240062
-7.31710731193095	0.00407471445708239	0.100589056139521	0.0126039700125397	-0.000135805193603637
-2.59183721729198	0.00424133097060687	0.0607596132316526	0.0227080835329188	0.0031691228352484
2.55210853631197	0.00406682937621431	0.0573897544359566	0.0213169679098453	-0.0041004798975204
-3.62271258523931	0.00406878878921635	0.0998449916917237	0.0250308532498509	0.00396337557739968
-0.276323419016144	0.00471944039781844	-0.0838371514811774	0.025955221410249	-0.010696554981486
-3.50516174614358	0.00428199535141858	0.101911803187416	0.0131749460523784	0.00399881872783108
-1.80530108592928	0.0114311313361798	-0.27538243657791	0.0448977820719578	-0.0117365271113056
3.30014175792577	0.0109232159993371	-0.076802846190821	0.0364777761040702	-0.0196758091945048
-5.14091332595501	0.00530950318291989	0.0595491511728565	0.0107546839648912	0.00302896925299656
-3.07620265864947	0.0115098697744088	-0.071445002031464	0.036154364045956	-0.00175328289590991
-8.6668237854249	-0.00360199736558036	-0.306049697807499	-0.0381432623134983	-0.011811989011416
-4.80800965207924	0.00596282778393487	0.0498812263973523	0.0239649788484833	0.00358777953117697
3.44147414922528	0.0105588750483624	-0.207888912427649	0.0450719201446441	-0.0259893442850895
-5.41037732484059	0.00409811668491761	0.101830213974453	-0.00425168413962718	0.00259578462258584
-1.64632163160402	0.00407008920345737	0.077295063277584	0.0114019505228868	4.34588891645538e-05
-5.63678632506649	0.00837806508595866	0.0881075272235433	0.0265250912453862	0.0032902262261728
-5.0530531692672	0.00782316556097372	0.0358446494016372	0.0315412474352851	0.00414347848249047
-3.8046289741704	0.00418280849357269	0.0775973537191359	0.00685508083392217	0.00380805962497282
-2.65119622378505	0.00514460985560882	-0.00664237784692593	0.0254698659416701	0.000118845761709827
2.2811946911519	0.00896849640960666	-0.0980256902129233	0.0402707620231711	-0.0165866649963673
4.35513294221071	-0.0212642852061693	-0.652243539080712	-0.0127960703293373	-0.037892442757129
-2.39364932045997	0.0048820884758093	0.085564428709332	0.0235543258326208	0.00391837460577154
-2.82152507605159	0.00699921299847248	0.00856428893969328	0.0280378310149223	0.00229221641421855
4.32075182228877	0.00764180239569605	-0.246695137101368	0.0442728111753866	-0.0246696627922891
2.11177601962874	0.00561097488214817	-0.00384121707333852	0.0225672072731363	-0.00654533843205844
-1.15778921494756	0.00667314283929422	-0.0222000535380366	0.0294304129125523	-0.00298849412882442
-1.38498182452611	0.00418827788803713	0.103337585601286	0.00984879083318559	0.000312470311162065
-0.83291949737864	0.00409814657495067	0.0990285690689101	0.0146347234286235	0.00120131870267993
2.00354064163702	0.0112995721879032	-0.14912078770979	0.0433628253404273	-0.0113600337417523
4.46973374982607	0.00783964448360281	-0.171566715755259	0.0400509717607118	-0.0256762253158127
4.13061166375429	0.00773750278167591	-0.209446557686996	0.0444636859540945	-0.0211482011908354
-7.05115455273664	0.00391909368447204	0.0872072158024575	-0.000225357032386082	0.00222731315695085
-6.05663123399341	0.0043810634629435	0.101126050967014	0.013220471810771	0.000771894865411511
-0.643142926239131	0.00715326052523552	-0.0147467061337782	0.028399955493287	-0.000884470208754959
4.5019832339705	0.00741381129885367	-0.331126006557857	0.0418776615274327	-0.033846236159271
3.32160948160859	0.0107472758642686	-0.172467310776838	0.0441558685596922	-0.0222382617932203
-4.20206097093255	0.00421018116102261	0.0921425146580779	0.00248849116001651	0.00414070865451847
-7.12406178951032	0.00187691559121628	-0.214455587467626	-0.0478056525825336	-0.009156132660414
-8.48781296484382	0.00102007869226377	-0.163482265352414	-0.0203669099496855	-0.0157794863487691
2.1947655042664	0.0113822383818053	0.0573867397125266	0.0355694023791033	-0.00474596866483767
4.4726037287468	0.00904361317533636	-0.287026799883951	0.0396394733168143	-0.0307586418900866
-2.20515583904016	0.00735890808334781	0.0246708539599522	0.0265821828091679	-0.000532525919405346
-2.22294554145085	0.00175263009899097	0.103442555349163	0.00157126249661107	0.00267354279984578
-9.85188367540514	-0.000725118885413097	0.0305632304546025	-0.0445680762971998	-0.0103938619365081
-4.21530135117408	0.00514144330038012	0.0852566488065451	0.0289926481667597	0.00400023876549416
-4.55226018723418	0.00416603237062638	0.0902416500939215	0.0135404921450424	0.00414331427410113
-2.12898362716777	0.00643139502450953	0.0791758445537277	0.0229411600812487	0.00312951770002992
-9.52807405684563	-0.00259351816595025	-0.232437769933157	-0.0373007233628678	-0.0142066440597653
-4.03586823498705	0.00486978730537068	0.103356297554447	0.0190446524926865	0.00404552949166063
2.8600662381938	0.00874963928983692	-0.269392701266385	0.0351079557717866	-0.0317963910354525
-4.73510232233385	0.00901385673444111	0.0743248566960751	0.0335226771497819	0.00413906045607872
2.18141210312595	0.00584500760668196	-0.0684888767892712	0.0334161462887748	-0.00836692538233662
-3.28259133908794	0.0042228872930467	0.0766003284756157	0.0178898535574395	0.00394253934358401
-0.67426830232778	0.00548671829071584	0.0385082064088453	0.0317223001877996	-0.00527884088143518
1.06046000029228	0.0104941929756416	-0.107180210329981	0.038238813574422	-0.0084351835279792
-4.02527755536822	0.0111541552059862	0.0767043299045419	0.0349593365990918	0.0041305411973017
-6.99983293027382	0.00407369714408411	-0.053832576373097	-0.0170651419348257	-0.00779095113660466
-6.18678786029478	-0.00130637743732017	-0.00716946420925505	-0.0267159308578539	-0.0010104174931506
-5.60884206915957	0.00420369345551335	0.0591688977568981	0.0118136462828155	0.00409315787093546
-7.16692452736849	0.00412579917784026	-0.0148002259450968	0.0151519535884211	-0.0098451032718218
2.56661584634964	0.00903565271815381	0.00297683854547671	0.026253522602785	-0.0125866772063245
-3.1612086872836	0.00409470463627628	0.0647748874024925	0.024089874728198	0.00135983135648448
-8.93153105808392	0.004394652459437	-0.10603072344879	-0.00523419704186628	-0.0121662309480683
-11.5840334760083	0.00438532726628025	0.016464079877371	-0.0237943506907531	-0.0150279660021884
-6.69308643980009	0.00391414233725272	0.0545312694528789	0.00309157581745938	-0.00330521057933183
-2.15752705234507	0.000711143975604319	0.102427251008288	-0.0158232202435035	0.00302205641885662
-4.16956289970595	0.00396502659187295	0.0964586919053903	-0.00640199042969636	0.00247836193554831
-4.94330378281611	0.00436942946979032	0.0912912674239444	-0.00029282886672195	0.0031248192149228
0.469473507705341	0.00730250111585824	-0.0908034840439121	0.0336696086616259	-0.00945093790743754
3.00194550408736	0.0102513342236468	-0.234062668344975	0.042580293131592	-0.0185835076714216
-5.89092310443244	0.00434464250910509	0.0279851943441716	-0.0227732001495895	0.00340327113311492
-6.48466650552633	0.00434378276553233	0.0277338409529039	-0.0117473785734309	-0.00189736080047862
1.71235792299064	0.00764192618193985	-0.0448205632286146	0.024979388546238	-0.00735658388950964
1.96726134896817	0.0113492737723869	-0.0223338190938989	0.0443255018632624	-0.0124538879339456
-1.44098235644333	0.00430299988238564	0.0850943038943883	0.0161280586005639	0.00204472899839985
-1.2351680188484	0.00409007882060755	0.00429996704733944	0.0201202109078975	0.000750979287356706
-7.50323888526118	-0.0280396367330695	-0.390744686592251	-0.106228653730197	-0.0099639693466768
1.92860565625689	0.0114670196633741	-0.256368928996808	0.0446948958784308	-0.0298209973491062
-6.55564961522782	0.00434491624342701	-0.020435951786748	-0.0103371142113379	-0.00834956847089153
1.24317266394753	0.00623715514201221	0.018981498265856	0.0218555475608735	-0.006001314957502
6.28494971672819	0.010993565140705	-0.236361990391533	0.0438618485397664	-0.0401832066446635
-5.88823970421944	0.00386094999522798	0.00468139748894404	-0.0121164993234627	0.000901911373346187
-3.01109974789325	0.00431757406844721	0.0938580928769031	-0.0124328189384751	0.00362365311948629
-7.37491287959557	0.00413901772086133	0.0414876065698348	0.0294554621376999	0.0019934627490121
-4.50747482782501	0.00406817530303674	0.0787472246099836	0.022470231116041	0.00345386679481872
-0.98486797880963	0.00593942838730279	0.0974259128869719	0.0164123593343009	0.00164111690234454
0.95960238889795	0.00376392950284308	0.0540090888329317	0.0157056468168208	-0.00590511743474276
0.93278419110146	0.00408836671955122	-0.0924485330972347	0.0330474088360014	-0.00897410082290795
1.65887379502732	0.0115032653587254	-0.193005888614957	0.0449957290592543	-0.0172142642487568
-2.28200084656822	0.00406938195197506	0.0911970389586238	0.0201630782593282	0.00235717113931545
-0.919594504985148	0.00607018574136307	-0.0275624519411822	0.0293993689858837	-0.00237554247595764
2.10494451458813	0.0114574923494024	-0.151248982764411	0.0447542583106271	-0.00943867986583804
-5.5601117364824	0.00432404538133038	0.103509061693828	0.00396830267555051	0.0033939800074919
2.41401481767093	0.0108658000105196	0.0723890758412668	0.0391485101524278	-0.0114242949531845
-5.94000329228394	0.00436869738470783	0.103519952335257	0.00156910182701705	0.00292626539530014
4.20953270655179	0.00529615841467312	0.0101673412801555	0.0380989043506923	-0.0118791225856146
-0.182275947775501	0.0112101879871187	-0.0971555655502338	0.0294819683399104	-0.00497801859909134
0.165307544310407	0.0114977553460012	-0.204560272241331	0.0450171044086315	-0.00611524345348538
-2.52668288884674	0.00409248003372455	0.0714535645767879	0.0242955547202745	0.00384216625358179
6.21582915162905	0.0112839856413295	-0.304667603710165	0.0450157614385889	-0.04244731537385
-1.18117862906888	0.0040963337952256	0.0580025030661188	0.017735887870331	-0.000728704315954389
-5.63077646468918	0.00445351603570704	0.0637556077931304	0.0202477191414619	0.00391766022883768
0.795325783420547	0.00566604899733434	0.0425505608208732	0.0377928793185085	-0.00399709140243505
-5.1312836461143	0.00391439231470012	0.0879692204335485	-0.0143668182851775	0.00320690163934386
-9.80510751202745	-0.0339483652666094	-0.508963611482681	-0.143956988247747	-0.0182916946896658
-5.94195511526571	0.0030812714574973	0.099769138143885	-0.00029764735814087	0.00384880284160123
1.41695313632286	0.0109762759593222	-0.105228666104477	0.0367609949407898	-0.00660877467338617
-1.39132494128581	0.00408354690872617	-0.0111057005239547	0.0206172391485409	-0.00349156670850406
10.3533868138484	0.0110222261493142	-0.129173347215776	0.0426437809654608	-0.0468657328116181
-2.15539935733966	0.00719641817324109	-0.0457444283287118	0.0371066076710423	-0.000832628199314486
4.30457555473564	0.00679114930403259	-0.284031490288596	0.0346518866196388	-0.0296103903076387
-3.22222648109176	0.00416825963634995	0.0207213784230639	-0.0315298093412737	0.00391839630078577
6.70354281800757	0.00885094723284818	-0.233936759468003	0.0450745713019763	-0.035235439070136
-5.40038525143551	0.00877497163001141	-0.106469176476863	0.0398338417870955	-0.000615984381233458
-3.82553314787455	0.0042523838048722	0.0861079427474887	0.0243791249379405	0.00250287466371498
2.11854366637115	0.0041217454891411	0.0141125315745346	0.0152765474504925	-0.0112837173990949
0.201515519746638	0.00462324875049979	-0.0815053312213182	0.0447048600362464	-0.00641060403319846
-4.27742627875277	0.00432168377935394	0.0828418279319749	0.00403914241134809	0.00414313512448197
-5.10219231010912	0.00412627721778481	0.0322115335936514	0.0146636916424886	0.00288121389210374
2.08476212013825	0.00531595664369621	-0.0821992096341876	0.024410599362999	-0.0104206517252949
0.26264668409457	0.00361343147452922	0.0920474789504629	-0.000114593254389097	-0.00515469759051288
1.16860346255033	0.0107150905050655	-0.0104173440654409	0.0323659184816035	-0.00313376862894619
3.01738008055689	0.00456508084306328	0.0332481830533795	0.0306742977252449	-0.00338999260271213
-0.695067344871896	0.0112155692424127	-0.102547088208311	0.0423923585496832	-0.00530303497212224
-4.83364654260692	0.00410627339297064	0.0991539609725568	0.00992052757937553	0.00293260868826481
-4.21861930041889	0.00698648060705654	0.0390176380089025	0.034599711889221	0.00314123981249131
-3.13762192899735	0.00818844779137012	-0.128699169739359	0.0269544832457175	0.000109412672816132
1.45232673439978	0.00830479278407028	0.0891127973182284	0.0372927626403258	-0.00134413671850358
3.60382580700837	0.010390166949161	-0.0745531949351384	0.0403141895403752	-0.0204696376585414
-7.27632938667831	0.00423928130622363	-0.193677954006296	-0.0205631805103106	-0.00684385254652174
-4.4881294032848	0.00434229545970508	0.0549702939086225	0.0156582208257035	0.00244987581907651
-5.47653076270155	0.00439095702508074	0.00781741621993344	-0.0132061642732217	-0.00069494985977344
-5.4454572736567	0.00431695280076301	0.0427157821772056	0.0146580634571237	-0.00184787264985225
-13.8041249409629	-0.00241492582705897	-0.186264520612991	-0.0478857369752015	-0.0190281208602874
-2.96370850210757	0.00658461732304352	0.0883572025457787	0.0256795222202096	0.00384400881504564
-5.32513622058396	0.00434889185874933	0.0992676036586491	-0.00626766893040854	0.00215768195779603
-5.17774617795828	0.00416752386808089	0.0919675651390249	0.0156080260951258	0.00389992458897528
0.837863944731177	0.00747764380559507	-0.074657495398964	0.0368885887402149	-0.0134587037849495
-2.81860871633907	0.00462988513141127	0.0732993611254931	0.0296155749883288	0.00274696793954991
-3.38148648867869	0.00408155856340663	0.100933735975899	0.0185246468151809	0.00302647220038624
-2.41020461699832	0.0102886664171837	-0.131254030038632	0.0372015892077658	-0.00292783019610218
-0.854617684686334	0.0110640585902046	-0.100789970412139	0.034436847629519	-0.0078074848914553
-1.86350236383094	0.00385277292117615	-0.15467536115288	-0.0347377731171691	0.00386094736654387
-3.72995876682142	0.00410522191103533	0.00727450716871266	0.0172599186426221	0.00118858535063466
0.470402441817828	0.0115041573936211	-0.312550330137626	0.0401150594107159	-0.0166706665324894
-9.24672853343637	-0.0316760614516935	-0.46890200397528	-0.104065762063249	-0.0190711674383022
1.69768559447137	0.00594038763290675	0.0522549780741665	0.0283432552332792	-0.00475714193485123
-5.28182694020364	0.00428095869635205	0.0890763819830971	0.0161281019912474	0.00339691315025651
-5.43995282377932	0.00412004299470677	0.0949273433678461	0.014048805379477	0.00390734671601538
2.11636692847851	0.00860283958896355	-0.113433485883351	0.0318345747789185	-0.0100049707641681
3.6272649903622	0.00416387100850088	0.0958117116302856	0.0228125574663595	-0.00912100468418884
-12.5909788778512	-0.00600660534976196	-0.13337338869471	-0.074396720716035	-0.0164273699238401
-2.27160391969006	0.0115108208133791	-0.220382207484052	0.0450973952689043	-0.00875680111425089
-4.49002380070184	0.00436089571184742	0.0521436299643924	0.00190366474928201	0.00239242225781069
-0.598164799126365	0.00415391602195527	0.0563943410384676	0.0157339069079063	-0.00253802106874775
3.14989281324007	-0.00524110145761397	-0.162576844548671	0.0395346066765453	-0.0165440428931985
0.828405932568226	0.00904011983273349	0.0251420219809232	0.0283760134282703	-0.00272287930781416
-0.186494272055077	0.0114419940644962	0.0195902786134716	0.0450580175859384	0.00330011283358502
-3.07986357237569	0.00759561491428481	0.0908625547116803	0.0264267714960718	0.00391971660901226
1.19312431757154	0.00676894192242132	-0.103911274999401	0.0404961767878615	-0.00581132870427104
-3.46525254273032	0.00410241256046941	0.102540974168695	0.0199492535664629	0.00368399978147822
0.483560349922256	0.0073073363493118	0.0427610282886238	0.0267172819973079	-0.00592400220905208
0.845452821262811	0.0109470478938771	-0.0567985119706817	0.0391416908122444	-0.00713319713548825
1.39017205875089	0.00651757846583711	-0.060722031402181	0.032525019325257	-0.00726323935052759
2.87728128077958	0.00444736235205905	-0.0654395514601277	0.0241780536024467	-0.0142180858353164
-5.68047947884103	0.00127668105341405	0.0315150975795792	-0.00835681999219364	0.0010420042240959
1.38489721109692	-0.00349250760019462	-0.0932746560333359	0.0450876246172808	-0.00433344021611462
-5.50296392436664	0.00406702916080464	0.102187936467993	0.00810694611435927	0.0038110988086703
0.817556618963649	0.0114413365656123	-0.0759801725861742	0.0441572584445906	-0.00130976718067814
-0.350996019664843	0.00906103883275933	-0.110569694092729	0.0422271097996685	-0.00435192065948146
-4.78357096394984	0.00208019063175821	0.0977025115706217	-0.0115835513544193	0.00408553990844801
-9.72788112494002	0.00290602798727574	-0.266356864749757	-0.0461820924232171	-0.0186722252542224
-7.17966415909668	0.00344588892177219	-0.152434552226253	-0.0386944245137116	-0.00838535807351651
-5.5433684240814	0.00590996259004468	0.0505565553668271	0.0356950851181691	0.00380468276049107
-2.27590057269789	0.0042047288081688	0.0513771020609176	0.0117864567082933	8.3690752957132e-05
-7.4831631120759	0.00437625109302401	0.0876274469661669	-0.00105088292410481	-0.0037947445779949
2.21228799146403	0.0115023319296564	-0.200445160409454	0.0403139445270981	-0.0197088710771668
-7.05379805098787	0.00435570644990355	0.0755571424831467	-0.00215519165498857	-0.0045522948340301
5.40419471640813	0.00919405279261021	-0.395345445171787	0.0354305317312683	-0.0454751191011811
0.712760309648169	0.00470463270781104	0.0841465385922146	0.0269063293360323	-0.00338388918499276
-8.96492177917423	-0.00988431477640216	-0.496891003350578	-0.0936950187918073	-0.0179853716122057
1.8794903272117	0.0115057681335882	-0.0483112270644401	0.0308241972056898	-0.00899903878900973
-7.31669124372573	0.00404079100800699	0.0672044430801386	-0.0307629682643576	-0.00270820826202648
-8.70451894550701	0.000530757988128727	-0.0123626594619941	-0.0404980290051532	-0.0130821649509728
3.27061173677835	0.00972146942449539	-0.131504135460859	0.0450256891702323	-0.0146692418074031
-5.37224203604739	0.00719213149551208	-0.0230284311005056	0.0398429190284111	0.00277503683442587
-2.52279947206654	0.00415272471508154	-0.0168726640945584	0.024934011562177	-0.00357541836546718
1.94496618100641	0.00527196807275446	-0.171603192194887	0.0420059493413816	-0.0141663988626123
-5.8070522289691	0.0041214912167472	0.0373259947922485	0.0156217860890903	-0.00137065483643924
-5.95079171988321	-0.0126540929579378	-0.0640515571278586	-0.0858060937753997	-0.00440597255936303
1.71349044469083	0.00612510331896638	-0.0410365788591416	0.0343582243289517	-0.00644974920833471
-8.22204878148171	-0.00999027058716291	-0.520999552410292	-0.105628675148918	-0.0141657319891972
3.83765691895202	0.0100887697993012	-0.251664088873757	0.04506548118292	-0.0251719668342695
2.07064578192979	0.0114819026064532	-0.129062260154066	0.0439153939331751	-0.0162321189233567
-5.71928292288918	0.00408543048564549	0.0742014728487177	0.00545140226538405	-0.00140400667867844
-0.14690272458874	0.00814903639049762	-0.182636704008433	0.0418117790517486	-0.0101161074058634
-3.33941786451683	0.00407285769661837	0.0460453918527842	-0.0251115571304991	0.00279660948914781
-7.01725613016486	0.00434871700500655	-0.331140296044733	-0.0198658040035466	-0.0160965728417893
-1.54396339237761	0.00436993709119114	0.0563159514995715	0.0180053929716127	0.00122344629829577
2.31265095408629	0.0101325828616327	-0.0544918456589951	0.0395085717687767	-0.0115131584093194
1.29983873085911	0.0111721240799558	-0.226396734431854	0.0441686950766795	-0.0158042782435915
0.492960607505789	0.00409699775254835	0.0804579591547936	0.0230020028248661	-0.00298831213498829
-4.90615565010372	0.00432102288328235	0.053161803256422	-0.0148636582787585	-0.00119103435072413
-5.13215245669722	0.00432475422769729	0.103096655341452	-0.0127601438697957	0.00409771486662082
-5.4387834479619	0.010446314105755	0.0858234973316566	0.0268918444726421	0.00291056000749994
-3.95180511244226	0.00406751747153803	0.0974561450880011	0.0108722901153416	0.00379876325791712
-1.61382711156194	0.00870067065221879	0.0434450190534783	0.0224303836744783	0.00109313040259001
1.07758214871506	0.00427157910367398	0.095004526892962	0.00776309515104314	-0.00343987667637901
0.525182406051897	0.00699747699421803	0.0787560607635529	0.0283576714257783	-0.00461203042652086
-5.56671974523635	0.00226651707638328	0.0911695688391107	-0.0492108188425059	0.0036462684744886
4.15171918540274	-0.0034677016313313	-0.156106474486476	0.0342745737865374	-0.0205498920647588
2.49066913365585	0.0113274917240593	-0.0992283954850917	0.045079975315673	-0.0182052284714981
-7.11543131089333	0.00847493176131825	0.10263826670678	0.0245322953626482	0.000594885240291202
-2.45574123166756	0.0043824239908008	0.0955175311852476	-0.00599237085808763	0.00291291722597157
3.36743915859093	0.0107835588014749	-0.121142759754723	0.0410223767488488	-0.0211456125387885
-4.97776305292124	0.0090376884908516	-0.00452324565511573	0.0442087540321886	0.00274250251350936
-3.82380277559222	0.00435160259954204	0.10351191292265	0.0123969799612875	0.00413706565687504
3.24275405109474	0.0113993628563004	-0.254313468288784	0.0450983036344439	-0.0194870936067708
2.39346408691085	0.00572913769742347	-0.0358876845423464	0.0297508035362031	-0.00965238999734231
-4.73232089763212	0.00439458229725783	0.0942261778582677	0.014102768950524	0.00395142912875775
-4.4225621906357	0.00804670561910049	0.0497568656640432	0.0224940953674719	0.00350575905994806
-8.17597846335972	0.00437659688025588	0.0329348141114132	-0.00512383860308222	-0.00527318298902192
-5.92465076062074	0.00146689638722995	-0.0230817579133862	-0.00266688678673724	0.00142098337118274
3.56916170802879	0.0112550753574661	-0.153863247748383	0.0450232521074981	-0.0153512090117631
-3.34370549303663	0.00406725037608609	0.0130523968875796	0.0179831454899658	-0.00195793682248266
-5.90260436292837	0.00436935709047761	0.0176242250739681	0.0166827546805354	0.00414397065755803
-5.11555958882382	0.00429407821313713	0.103275341535688	0.00282877689268996	0.00370339067899841
1.35000574626992	0.00407898333931926	0.0370391385033659	0.0332527213886736	-0.0023685138281213
-4.57103853526602	0.00417614586665662	0.0736491468502669	0.00861400131958559	0.000870626674331222
-2.98967946106369	0.00896843443896302	-0.000838279491340458	0.0317862122721613	0.00321904695362303
-4.38807872652951	0.00745638339747855	0.0553326396484093	0.0156127904048035	0.00314523678146887
-5.0221337969798	0.00600805917521191	0.0819484037352489	0.0236851276414696	0.00339242892510834
-1.7242324667049	0.00717413375452632	0.0619330995680376	0.0146861543657417	-0.00132384657452853
-6.33379435841129	0.00438094339990358	0.079620706801647	0.00274259615932959	0.00142432440439972
2.32045734809232	0.0115081850429508	-0.260911122030917	0.0448775161412687	-0.0224379932300407
-4.95015678253861	0.00507842934840347	0.0613271079211042	0.0230649017392009	0.00402287568918686
3.06248897559517	0.0107969674277292	-0.141387032291182	0.0402972228548756	-0.0220084888350825
-8.05603248993846	-0.00882299534226288	-0.232242876952308	-0.122963864080418	-0.0089139791422316
-1.52007066114951	0.00406682037494798	0.0958840595499321	0.0266984696310245	0.000620232288449271
-4.50101443165932	0.00742875171323439	0.0853139067206816	0.0281665571996567	0.00400793629475925
3.11536698510207	0.00418649019844539	0.071354332401443	0.0183653467655469	-0.00619425312635228
-0.05184654234499	0.0114689830436501	0.00859586702859665	0.0360820274767327	-0.00147911934330115
2.40856774281246	0.0113252605468009	-0.0934868781632304	0.0450964047110267	-0.00763295369812557
-1.94685393404779	0.00662038159982593	0.0750023450506043	0.0305956938848815	0.00142785223874935
0.105112520091555	0.0115095967000834	-0.196220728560068	0.0450265047359732	-0.00778585161310679
-4.69338773405781	0.00411348467332865	0.0775072383987163	0.0185194151703287	0.00128855697855705
-1.60342061444789	0.00442133501349178	-0.0266212475162512	0.0156589157238251	-0.0019953720681812
-2.51897922315514	0.000538037242725585	-0.131634584010927	-0.0421657885087906	0.0033263591094282
-3.29403183458057	0.0043386714092672	0.0654699020644016	0.00216242322618386	0.0029682706710746
2.96901620776508	0.0100747013802986	-0.0362923314730512	0.0359394622583512	-0.0102896526976305
3.18910276722508	0.00973668689167525	-0.0894986524797342	0.0450721994457877	-0.0139147890446935
1.79346985071903	0.010021727828637	-0.0479307864219318	0.03572389526804	-0.0173503757399149
-1.43262248066323	0.00408242667541923	0.0441704278726935	0.0161396690398607	-0.000253135844172152
-3.52789590741415	0.00518377368316613	0.00808788196494953	0.0330255346846739	0.00235240785210787
0.0027437702520663	0.00689879765061918	0.0467767782188714	0.0303278342362183	-0.000788136039670913
3.68985604798886	0.00650203405155725	-0.0981832240894416	0.0354207134972766	-0.0217598449717644
0.0157388689663884	0.00406810035343841	0.102074114299801	0.00993812623478434	0.00197942746485023
-0.0833617375571254	0.00537892157460744	0.0404872903161102	0.0250751791355035	-0.00232422778822295
5.13214124180979	0.00979049672952484	-0.134200389614768	0.0420513629159148	-0.0212649159561088
2.35238929654016	0.0109822117504266	-0.156618581586276	0.0372912698259311	-0.020311323428936
3.6851919838413	0.00787897575900968	-0.149514331174993	0.0447563005720059	-0.0209052551663562
-0.487044932749965	0.0113401691109282	-0.0626515110049273	0.0364962615807724	-0.00655470583599013
3.41263513904708	0.0111738600029396	0.0234020782269599	0.0441494025680247	-0.0121860806357097
-4.52721333065538	0.00683491185776127	-0.0389484108494788	0.0391464994577433	-0.000824885920868404
-3.5159508273294	0.00554120460858751	0.0709488009935831	0.00935987266720107	0.00209364418978426
3.93064607253596	0.00384347394300836	-0.342944759718791	0.0380089644438805	-0.0255669502534068
-6.27417146393021	0.00415117239093795	0.0972372241476049	0.0126331782646897	0.00146732851045817
-7.15531550362689	0.00714526911246253	0.0157054965726393	0.0247171344894516	-0.00102033359659004
1.78536223192319	0.0114984142687634	-0.0199756757805381	0.0405546234700838	-0.0141823831183627
2.30276671886083	0.00407028085784584	0.0884664518356286	0.0325128040224256	-0.00326566001251224
-0.413449596294515	0.0111529962075007	-0.191410331320206	0.0414951471304502	-0.00703912947245529
-3.69210571390135	0.00965197682417744	0.055499183404059	0.0318198912525928	0.00112500391059785
-1.10266034767828	0.0090694043924109	0.00163282950987726	0.0200128867020846	-0.00704745334341949
-2.29329761965826	0.00885249239337651	-0.0135730347566125	0.0355806849738701	0.000303109801458591
-4.72593560615262	0.00784097280446304	0.0968322895649508	0.0292576902953823	0.00380647674738915
-5.5261175259444	0.00421798972665398	0.0103048762964699	-0.00679385741625831	-0.000284291414614949
-4.09346137539855	0.00422875263483656	0.0831119739589132	0.0162970424967645	0.00168871594886762
-5.86487884215884	0.00409272433873556	0.0995287561425946	0.0136422508317658	0.00128144971750842
-10.4261873195242	-0.000670193264605212	-0.315866879436047	-0.0834062824022532	-0.0166634633219436
-6.17628793741329	0.00429097090854744	-0.324186309014132	-0.0407044291482049	-0.0109200451491974
1.40680515549846	0.0105186549274183	-0.123245168048143	0.0429631407895623	-0.0120330359869339
-4.18061255997976	0.00496466626956803	0.0738897900083953	0.0262550208859027	0.00382533571716152
-0.896075324897769	0.00802699763679259	-0.0018013404367314	0.0317339262334502	-0.00307328479410882
-4.92721086653129	0.00414675982051521	0.103518599798493	0.0143921485422208	0.0040873529996392
-7.4887123157333	0.00429045513950414	0.0763596862269384	0.00857554363051736	-0.00463356985289354
-0.0423540231935038	0.00428607745217449	-0.0299377182046702	0.0124327165018211	-0.00749466433130903
-6.87275293843416	0.00406679072979326	0.099638212328037	0.0148388009189627	-0.000917507818841228
-5.36254025098294	0.00352970645953154	0.00527468175516599	-0.00835020130701248	0.0030004582113444
2.80597021139932	0.00509735748442995	-0.0667361262407069	0.0270302242762193	-0.0121784936273771
0.26630994336695	0.0113800130557781	-0.135748609516002	0.0448180865547841	-0.00548622045477575
3.40463768347484	0.00607207680321482	-0.142911929219	0.0322445869509539	-0.0176938874366892
-2.58951912345882	0.00407928626527869	-0.00896212548927135	0.0195200866807641	-0.00240604315633388
-5.87195882183822	0.00292234332917014	0.0545661901029967	0.000225620929440938	7.46766673028427e-05
-1.13381608154771	0.00934103728322646	0.0169399800053883	0.0423825252935153	8.47451014096817e-05
0.374120566063163	0.00406698400470475	0.0178071312513862	0.0265317987365911	-0.0096989712321845
1.30999684625215	0.00902465625416729	-0.0905366721836144	0.0340909132869006	-0.0141010262726682
2.99052727013142	0.0110872594197299	-0.119890091791188	0.0415529457100277	-0.0132272635268994
-6.23842693187669	0.00419805145373054	0.0868400423884093	0.000864511981361352	-0.00263697437125615
-4.95665960830322	0.00663274162609403	0.0169079604731525	0.0271649908141903	0.00403013808324449
1.01867068065812	0.00902693259320227	-0.0214302032851694	0.0303705400566048	-0.00930292464422015
0.686307619520378	0.00406689985035065	0.103417239260153	0.0129393026555052	0.00123284546917223
-3.07319975358721	0.00439468524989962	0.103520188871867	0.000259801271762766	0.00323171697293651
3.83550660633671	0.0113726178002677	-0.278149007352306	0.0450302960012837	-0.0284640349625143
-7.71654748098589	0.00364550987743471	-0.0081801766113165	-0.015914968213573	-0.00701664376467441
-3.88800307788996	-0.000606101888105497	-0.0397010855041866	-0.0670823370423222	0.0037160846286698
4.49909796646555	0.0075945053222337	-0.0880116515251928	0.0413457214446244	-0.0209723978889393
-9.52132044846534	-0.0187341545819561	-0.306501020575709	-0.14638719367009	-0.0179908188806426
0.295403923594321	0.00894695316508231	-0.0273530357692023	0.0264450410395123	-0.00450721685608507
0.789923954767661	0.00406709927697964	0.0481636787128512	0.015179438933165	-0.00268917741674036
1.9142545252019	0.00614345109820377	-0.0082230668979752	0.0392154014344583	-0.013531121610268
-0.643433258819385	0.00877697813336294	-0.130459094800069	0.0421845004969698	-0.00518319185759701
0.884536283010345	0.0107459124221016	-0.0492563691016406	0.0443759747070196	-0.0116421913557848
2.3073596003306	0.0114686362639441	-0.0931387008207338	0.0449470347822484	-0.0119966857679992
-8.00181683864509	-0.000574555943193454	-0.277656058440329	-0.0733632476849868	-0.0104482654895705
-0.91073913615291	0.00407246559937591	0.0595349198386423	0.0197446525754311	-0.00065134537205777
-2.94849839282332	0.000514637417273149	0.103314758846864	-0.0350013787415992	0.000974809535291247
-1.9600075358857	0.0100984296705188	-0.0579636367176044	0.0446600208995044	-0.00151991874639023
1.76359319936927	0.00417078746266336	0.0161182792776522	0.0252069857361587	-0.00613765916435728
-7.87724367702276	0.00203002252532946	-0.173851383923644	-0.0402240867596894	-0.00815847026646891
-1.41490891792935	0.0042052605704721	-0.112591620606943	0.0291494466362008	-0.000944582815934983
3.2196717006671	-0.026080500967576	-0.464294031986149	0.0233073654047664	-0.0281185930722119
-3.33079712099398	0.00618508845888622	0.0519196484140593	0.0324085052132495	0.00234609488998531
-8.86405524692294	-0.0115687282515106	-0.248450124336179	-0.0815045273853575	-0.0119727621557362
-8.54824027517607	0.000623706307815504	-0.281546685688932	-0.0126244506332026	-0.0152729733383977
-12.6738699792517	-0.00529117567511004	-0.448726460781956	-0.0618749663764447	-0.0162359846810562
4.40329331175299	0.00633198356015091	-0.126117573101347	0.0342468092391559	-0.0301283401987007
-6.04083095920279	0.003310819276728	-0.0268781115641111	-0.0282525016457761	0.000668423896344449
-2.23497942182116	0.00545369597807572	0.0952131397018614	0.0123213671371852	0.000881951229218131
-8.38190873035809	-0.00849750617698519	0.0411937379746667	-0.0571309195995583	-0.00890295643469533
3.39487434163186	0.0102873624307917	-0.0942110637590485	0.0394452751691526	-0.0134959421016401
-3.00035693688056	0.0114164662059963	-0.150202384886846	0.0422355409216697	-0.00719658641546094
2.24682046595455	0.00840555873242245	-0.0185867552475807	0.0376586930360509	-0.00632506644711746
-5.26967564432547	0.000824740929390886	-0.173911616874649	-0.0695071268127457	-0.000953798695982714
-5.96358905986444	0.00437960013616524	-0.213228360913327	-0.0105605555233115	-0.00897074353716468
3.96323373613982	0.0113879191349832	-0.208733845914931	0.0449549305868305	-0.0224564221965223
-6.16271102926769	0.000643634367111549	-0.0924061748265873	-0.0349672979282712	-0.00578636262363287
2.44998608742278	0.0066227544672402	-0.107213053509699	0.039398665208091	-0.013777157756191
1.634261793061	0.00662367346062515	-0.00346100643405855	0.0276246331182689	-0.00833096614141267
-4.38027205179473	0.00651570189412584	0.0623253552085502	0.0252927904668821	0.00330911623478642
-1.1229185984377	0.00900317184626296	-0.00503595320318207	0.0317304438017002	-0.0026031828821239
0.868652312092139	0.00435799125394177	0.0985802094799411	0.00671439353600783	-0.00399022565943418
-8.87624838881333	0.00362825904069001	-0.241505701367963	-0.0412783043443591	-0.0175906200655048
-6.73620233149589	-0.00614207007446039	-0.227826491986099	-0.0399427075032011	-0.00233913349543132
-0.215917589162488	0.00426903944607746	0.0870327101790206	0.0118124226835585	-0.00104237192997074
2.8600205172372	0.0113743507469261	-0.181295373156764	0.0406549571849558	-0.0175952796034541
3.61150760852698	0.0105262267267276	-0.148967558881896	0.0370620479559849	-0.0137913217131294
-5.07175387109775	0.00195746846216786	-0.0668341373235329	-0.0674508724227808	0.00191222833038032
-6.20781298749581	0.00435773087964491	-0.0139333986449601	-0.0159254810980646	-0.00624656986799865
3.66407760654686	0.0102566299241395	-0.120109253651933	0.034256948333004	-0.0147297170198292
-6.77854457983644	0.00425886319221322	0.0447674078816874	-0.0451657954043783	0.00104192392419134
3.50044200900203	0.0100779615583263	0.0274692173344297	0.0296262518805283	-0.0129868969366176
2.73558949859507	0.00807712815530932	-0.0386305785320761	0.0368983852103636	-0.0107995861526655
-5.73252326723742	0.00409941390679783	0.100153522014564	-0.00862402447814938	0.00390239095087421
-1.91702949910518	0.0111218245103514	0.0145934110038234	0.0373086846802447	-0.00214083260548149
0.368165536601878	0.00716225941714496	-0.109546656621256	0.0314383137064326	-0.0107396721863528
-14.168697772292	-0.00578755171045545	-0.437830000096479	-0.0964491624974643	-0.0125934578491164
-4.44168983748472	0.00434887481024353	0.0252646217838619	0.0158398363219908	0.0018810605102499
-0.429744644488116	0.0101357492542481	-0.0814395410073172	0.0386413838262646	-0.00480078149157332
4.1844534620831	0.00566641612944984	-0.102765143174698	0.0273233034455678	-0.0166060833676944
2.39850944070744	0.0113295203860029	-0.21482134716372	0.0437694800782493	-0.0184964522234393
0.685676918575849	0.00772155950084714	0.0817682262315764	0.0210734208018789	-0.0024816861265731
-6.82644533368727	-0.00133125337251677	-0.206074098656992	-0.0947887948904092	-0.00758502252570732
4.31632359305839	0.00813552478028559	-0.185824753551045	0.0439955582674772	-0.022971676133164
4.00000001968956	0.00717073799205205	-0.192190368663993	0.0389994391654368	-0.0250566324802366
0.459829203391775	0.00876892068260837	-0.136209836090641	0.0396694172521159	-0.00745861541877976
0.961702160569325	0.0095842221394837	-0.0801600253482786	0.0409616269811775	-0.0058047660756385
4.65561418767762	0.0115127564593646	-0.184444983873776	0.04441549751906	-0.0203839702911738
-0.0733128052772024	0.00430448862147497	0.059712519324891	0.00907563201988323	-0.00300606563231634
-0.857497634041004	0.00716632994222717	-0.0598117804218915	0.035441146684927	-0.005035026194496
-9.23168660874799	-0.0101499255059529	-0.350583607331606	-0.100373803525941	-0.0151030292739903
-4.11324584365414	0.00447628312934996	0.0938947753579292	0.0244975794560101	0.00408871953490101
-2.69953489756223	0.00742384651146701	-0.0342911742077891	0.0370000283332602	0.000257994156265047
-5.06350009306314	0.00422784718073691	0.0844420726452115	-0.0166297755127383	0.0021364493381327
-4.6314134898023	0.00708991897588107	-0.0322343918819827	0.0244857265286511	0.00106199441772425
-3.96874053399505	0.00407079521055715	0.0555466977265262	0.0145610216613954	0.000884477465504298
1.66823730323892	0.0113482221789533	-0.167671109504378	0.0447811227126433	-0.015503543547151
0.774421278478341	0.0105235877043769	-0.0864221032145809	0.0437893906348015	-0.00496831576661515
-8.43684870664697	0.00412579642309076	-0.0592285381919162	-0.0263142936996727	-0.00883773353278116
-8.96017624875106	0.0032734395488734	-0.220866523050295	-0.0771668437025309	-0.0168297991894506
-0.442954598658452	0.0114612145124531	-0.0863169835687043	0.0442153568292129	-0.0029823260119078
1.60255596741266	0.0114130238469497	0.0336395368667684	0.0337587401945991	-0.00355514893441642
-0.795897144942348	0.00571302984738127	-0.123204368939286	0.0367187917292306	-0.00214837362756604
-0.10426435556326	0.00423537859772739	0.10125146785743	-0.00803397154097174	-0.00067043184730162
2.05639439455975	0.0113028295880272	-0.071658404365903	0.0450737709131476	-0.0108417599890009
-3.76205922680298	0.00415325539904452	0.0941893751342974	0.0151573562088714	0.00412984268161034
-1.87195305300598	0.00596470678069082	0.0605537107261175	0.0302967038965921	-0.00111412139585633
8.20605239601154	0.0113450449069254	-0.352309223524603	0.0450422400397129	-0.0516792395612409
-5.00744061818077	0.00226556542219966	0.0251804029599354	-0.00869366080817082	0.00216616831470781
3.41410354622159	0.0111092650739895	-0.139424083507511	0.0400637079986766	-0.0209125925117238
2.07406592710467	0.00515483221365865	-0.147043362327419	0.0390443801032204	-0.0146982540979628
-3.17002868275086	0.00503894333238506	0.101361319691747	0.0192474009854938	0.00392166985657
-1.93738016845461	0.00416406050551424	0.0999735313695799	0.0077200442956669	0.00395900031673744
-2.80283667095571	0.00409836436204428	0.0699622947807956	0.00222456609605561	0.00413864252771206
0.231140375265849	0.00459952354623533	0.0195357136011012	0.0184138637402036	-0.0030367413216593
1.42012213666445	0.00415164335706543	-0.0510228376384003	0.0249035916354325	-0.00853672736455687
4.93818251464715	0.0111208132064861	-0.201893930008538	0.0450735233800767	-0.0265240530745213
11.5533864521789	-0.0124650206096963	-0.857839120293458	-0.00387412479473521	-0.0799974208698852
-4.4664931741647	0.00540163291805013	0.102532554296058	0.00242646266065801	0.00385839312727158
-8.17905279831656	0.00460110123739388	-0.188486352453039	-0.0191813367158798	-0.0157502780494296
-6.31459733317905	0.0041714998603588	-0.248393062302527	-0.0444791205592168	-0.0127267467434054
1.33034913590429	0.00421885034182245	0.0106020238913286	0.0260765494760029	-0.00874274102924914
-8.93852328717285	0.00413460979403154	-0.0598849230219707	-0.00347361356742397	-0.0145780805918558
4.9342165433324	-0.00807782766525113	-0.52449569873403	0.0123425349981834	-0.0396133742177765
3.17684734122202	0.0108100218678031	-0.259093922298354	0.0445471070403501	-0.018776423105234
2.4480727819031	0.00608404135281232	-0.117473855982646	0.0325545057830587	-0.0151706489711872
-5.2273646224973	0.00340062257730882	0.0114701357598685	-0.0343318822097587	0.00374537297720867
-7.50413829517154	0.00423921544614055	0.0113888101412254	-0.0288662682828093	-0.00587325566664007
0.77175088241097	0.00637495665317329	0.0234885216680934	0.0387568222414356	0.00024104174980779
-5.57662187170066	0.0040711777139841	0.0748013340265012	0.0213100740662795	9.62603750775128e-05
-9.43124559800418	-0.00653917785105129	-0.560561451541319	-0.111584814030312	-0.0136252878847183
-2.99124699964799	0.00520300261696267	-0.0384357961888781	0.0177682478894237	-0.00129736657516437
-4.48528334773716	0.00425812097497386	0.101776978600175	-0.00375461730766371	0.00335094865337632
-0.123824864984401	0.00514074389635138	0.103171077951325	0.0151746121854416	0.00242754934612321
-4.11391492731839	0.00428563339799306	0.081207586202712	0.0124265278790138	0.00109674058448686
-5.37266904281471	0.00228415005050662	0.0774005048586283	0.000446705898247254	0.00128892265208156
-4.09063838206772	0.0102741021914343	0.0319314365905868	0.0305636761148865	0.00161197285944835
-5.58140211985548	0.00466471022717712	0.0892705270567454	0.0100387824721346	0.00302967363306727
-4.4295122121993	0.00421829943139694	0.0708585088997259	0.00710829773331184	0.00403266461232061
-3.02369295638764	0.00429898790513086	0.0943345510830178	0.00699494903836	0.0012345272709176
-1.34536212218342	0.00902782828204624	-0.11326641115151	0.0444543515399009	-0.00386748717206197
-10.2280266378133	-0.00329983193911803	-0.453219830216987	-0.0730712231958676	-0.0183739079349715
-5.87598471874916	0.00586251223825967	0.0198248385335016	0.0282804209542786	0.00377055058602008
1.98526719848132	0.00570476907214569	-0.108295567114991	0.0290854932762988	-0.014877332324279
-1.64068530946949	0.00899089802934392	-0.0783310714788247	0.0355713068600335	-0.00339704219405244
-4.48216857713773	0.00414092914628634	0.101845146234166	0.0167236951561634	0.00362568431954195
-9.79353998032421	0.00046740372401649	-0.330655307868478	-0.025302873106353	-0.0190996018136701
0.640583630054885	0.0107904344073181	-0.185328335441637	0.0448763282906258	-0.00799144121017412
-2.68183215063284	0.00409154723232102	0.0985364942105575	0.0209227409789124	-0.000799802875531144
-4.28076765680057	0.00406922748314017	0.103304041081905	0.0133500431643513	0.00394470433562218
3.43009507154511	0.0111573220082142	-0.183293549083059	0.0440727818069694	-0.0232132083616962
-5.42700763065964	0.00455805040501483	0.103083552745141	0.0127500025638734	0.00241533472435174
3.36884772477175	0.000265403327257349	-0.388276335854431	0.0316936022547062	-0.0186604663855105
-5.27613753654273	0.00416269950408976	0.103463094678638	0.0170057303933492	0.00143480483596844
1.14436781408013	0.00688699656377065	-0.0767994402245651	0.0233937378178026	-0.0060986565867774
-0.303175365773186	0.0107798805337304	-0.0255714493723303	0.0419941868423119	-0.00131730092406063
-2.1558036335702	0.0114998370119852	-0.11525842021425	0.044539819236063	0.000441571348222274
-4.80958176003297	0.00775621162886321	0.102850746075926	0.0274122402954942	0.00135458439022045
-7.20450875914344	0.00128900983028356	0.00589680646252829	-0.0541659964137112	-0.00439016802651484
1.29487730840894	0.00424764129953498	0.0563968015199513	0.0152941750735001	-0.00239694563918748
1.77460543751616	0.00435487113030389	0.0911263521958595	0.0207634375055825	-0.00625528612521213
-5.22132894844632	0.0044426198249294	0.0862324314836046	0.00704257928473865	0.00367886791527505
-7.27292521585686	0.000356371021609073	-0.189813922041056	-0.0137801975776823	-0.0119418994625576
-0.205923760262886	0.00972189792411653	-0.101086465094484	0.0450983086634304	-0.00800321537358189
-2.84001235745832	0.0055662523069066	0.0786357703970001	0.0195186341157344	0.00189444358937622
-2.35967183579328	0.0101175189931031	-0.0112035063210379	0.0393414613066352	-0.0016559588686306
1.17970113478463	0.0115023953913148	-0.164083124750973	0.0436388281015132	-0.0129968702585029
1.09717800563328	0.00472837763504132	-0.00568080503060741	0.0256510508391631	-0.00496727807971441
-5.06165416366828	0.00207978126858898	0.0700110778472669	-0.0277638129766179	0.00328727676949991
2.47169331764296	0.00695140140570408	-0.00166311482912842	0.0277956858928366	-0.0116086131340187
2.54548410185593	0.00863604264835081	-0.0820485101703699	0.0421358420851835	-0.00888842315712142
-4.47608747254836	0.00415303078232502	0.0976581837059028	-0.0071947961941234	0.00336441277819438
-3.97049813955242	0.00574787296324371	0.0553459363247682	0.0185490712446982	0.00231090321203541
-3.25487506113253	0.00438029513658145	0.102730405005859	-0.00308661147508445	0.00236641606877596
3.62719040413767	0.00538801197291236	-0.0263711974289148	0.0319517922945346	-0.0153570313655391
-8.07301895044971	-0.00045101371641675	-0.47896075564305	-0.0693307191148182	-0.0178049290891146
1.44335398133555	0.007400802737051	-0.0773743436684216	0.0450440464369515	-0.00807609236736278
-8.11335020502405	-0.00240830488663122	-0.156903859766071	-0.0146167030724462	-0.0152342839311511
-12.2732270314434	0.000637899987034038	-0.215475603352599	-0.04056533166703	-0.0187192231271251
-5.55222278116875	0.0041845057045673	0.088702427936729	0.0128864459576971	0.00210629175782465
-3.33036921005996	0.00683599707809587	0.0953657454308824	0.0302878756345593	0.00404862325513215
-4.72200249526843	0.00419797924551801	0.0444813881563062	0.0197773834753312	0.00413803084811083
-6.48674831397483	0.00425791566651791	0.0115577266899899	-0.0419895640634731	-0.00295528515924915
-9.1918690526595	0.0033442491927085	-0.111651602062413	-0.0489082401019127	-0.0135865534693481
-3.14595037939951	0.00406936678881231	0.0972437429857513	0.00479807808611385	0.00297117248685901
-0.616654531229142	0.00330100602059096	-0.133415457094084	0.0450357209957096	-0.00465519095660424
-7.86595413603727	-0.00114986171088804	-0.37755334806132	-0.0797512094172093	-0.0144234241488463
-5.24295785413444	0.00457900564835874	0.077317933788601	0.0173875697856176	0.00308546349796095
3.12296096197377	0.0112729694158759	-0.0402327701186516	0.0411737189973804	-0.0106022720013198
-4.64182602466204	0.00439328290505954	0.0977485847222623	0.00594229736437416	0.00396585270641603
-5.43448955826791	0.00525398357349573	0.100307954739613	0.0199809197969436	0.00402769375543236
-6.3684484756128	-0.00191578783173895	-0.0227662296414497	-0.0948390862158151	0.000322874997255835
2.72002491379219	0.00694074772335842	-0.100403745795003	0.0331567350202828	-0.012165738666247
3.05593048542984	0.00836511895014105	-0.118075861696768	0.0409449954987702	-0.0222412794882684
-5.87700273321722	0.00446550718252177	0.100141266654898	0.0142524175735329	0.00241386791751793
-0.441197204704332	0.00744412931378471	0.0706223111815521	0.0346800306854064	-0.0019631168890671
2.47883095661263	0.00870292556464986	0.0150160528419209	0.0402077453124741	-0.00487680653984541
-0.26499763873667	0.011511970121448	0.070081113348792	0.0389521112711056	8.88153217678225e-05
-4.62190448544456	0.00438138043222786	0.0552752135930424	0.0117597783299036	-0.000503363369621126
-5.20404592900143	0.00503789637038052	0.0928673582387409	0.0140562785509898	0.0040133297463847
-6.45299939499879	0.00142115529958901	0.072863082505529	-0.0269402529339445	-0.000326277865600856
-6.79586148957081	-0.00312695249834953	-0.119340685473684	-0.0740042472136267	-0.00310889187001689
0.161204518750177	0.00412999193458812	0.00451137221472789	0.0170419370515615	-0.00629030354062471
2.22501440546199	0.0109678932937272	-0.155944200328255	0.042822599766261	-0.0184028734435574
-9.49398772610238	-0.0346805083904077	-0.545452881386973	-0.206319659231965	-0.0143390258469009
-6.42262218261779	0.0047433194722757	0.0949753348485881	0.00739327684844294	0.0028191904728116
-1.22422103643453	0.00836750336291097	0.0636062284615099	0.0354415873311912	0.00252145655559761
-6.68607006533321	0.0043567006752564	0.0678722576052408	-0.00515925669114977	0.00131266493931833
-1.9220735382743	0.00669014756955735	0.102678195828909	0.0208115218725777	0.00363348728519734
2.31801644836944	0.00406809417053281	-0.136611576971402	0.0390704859621263	-0.0177548040318821
0.79526826014502	0.00436959041882595	0.103059719214295	0.00363211191683224	-0.000216043217484483
0.847737577480191	0.00427657230820471	0.0768372211840615	-0.00809619701601225	0.000879881228185055
0.501824958980585	0.00423379165258684	-0.0326924948334861	0.0199763619329091	-0.00634584742237577
-0.727500346079501	0.00797838077217543	0.10155369457235	0.0257408859860231	0.00178240453776994
-1.23694211443019	0.0110445496772217	-0.251198089297904	0.0450920122494466	-0.00776083928397303
2.18627196567748	0.0114547015620919	-0.189664328906227	0.0437639016436359	-0.0105556952777747
-5.40184882715243	0.00435243732369204	-0.0129096629178663	-0.0179103039391819	0.00148793275017493
-2.57753545192253	0.00575581373941536	0.0989086345395201	0.0167189958826205	0.00274738786524464
-5.88374792133728	0.00313996220787446	0.0665022302140093	-0.0318861909656487	0.000334820273963274
-4.83694936962276	0.00420881640356922	-0.0395122425776115	-0.000308943321704273	0.00389387814072093
-12.7748166530069	-0.0256171713073216	-0.310447262824176	-0.13468296285301	-0.0186119908064628
4.54418248892826	0.00129494279821627	-0.461196833946074	0.0276610268145053	-0.0307247871368142
-4.54329716621312	0.00407571083892672	0.0746967452553304	0.0124075171900507	0.00349643715814554
-0.815359735389737	0.0099339473941977	0.00794053633905109	0.0377338225590602	0.00118556621430189
-7.23448738963683	-0.00906477300707459	-0.283683431210001	-0.0771402169212359	-0.0100274423213612
-1.63120897727148	0.0040727819063198	0.0233062661301177	0.0283073406943389	-0.00423169806192175
1.19902170983925	0.0109450232456907	0.00124917116755051	0.0425145943189724	-0.000252912715059992
2.17710966903198	0.00735907197653911	-0.13792782965024	0.0440741067382032	-0.00783782593344954
2.51629553363305	0.0104808927563227	-0.130102509742847	0.0440626860081086	-0.0107422954837308
-5.03543738183014	0.00635439919012876	0.0981065960580602	0.0130494424339955	0.00278702651738033
-3.82107474148968	0.00433086929384863	0.0203184715872556	-0.00378053200466887	0.00194182437867346
-3.8268759893531	0.00997480223887714	-0.128463279622137	0.0425781934612579	-0.00226999589918866
-7.4292708072138	-0.00215094080657026	-0.160267526809002	-0.0492962901617339	-0.0041139206203418
1.68164247208854	0.00974229724365945	0.0245307739734745	0.0252554235763731	-0.00220254863340045
-11.8180158830057	0.00353149313728509	-0.192854308575614	-0.0331445893244807	-0.017304193307899
-4.92171167239971	0.00629880095279706	0.10121496307837	0.0229077044336943	0.00380560410234229
-3.34326140070529	0.00429249933851499	0.00551134983002414	0.0152909680518454	-0.00117847863792686
-4.15492167469856	0.00437783460168749	0.0841221318340784	0.00147869485299181	0.00406544003544525
1.44421430818927	0.0114952443863601	-0.139003198744366	0.0433120220987799	-0.0157143610829374
-0.545021649316549	0.00449165790824304	-0.0333579899344175	0.0168159575029041	-0.00492507788160622
-4.47742830781056	0.00406869150334054	-0.0918262049399509	0.00843974933218792	0.00181715920864429
-5.05755795665532	0.00438859113293353	-0.12406925188141	-0.0150979982508081	-0.000437057110400238
3.06472375566061	0.00975170282004078	-0.158829158466214	0.0438026620289723	-0.018486203211727
-8.00905030717255	0.00413993308871187	0.0265072013603048	1.94329770422943e-05	-0.0100342739912469
-2.87516276545093	0.00407161022050196	0.04910406838822	0.00794936848103978	0.00382517342186176
2.43875151194945	0.0100525273577099	-0.0391733128331205	0.0317488608753934	-0.0101714457541853
3.11949126374153	0.0108997377220421	-0.242873377601391	0.0450896361667443	-0.0252382156195646
6.44185462822251	-0.0136989401765261	-0.405302852716963	0.0214451156861346	-0.038911604553107
-4.96636118002027	0.00397293625012471	0.0904041895444144	-0.00244889880483991	0.00414444728552821
-3.46511455754207	0.00440899716083488	0.102569810832799	0.0110170925917073	0.00323872348034613
-8.7600864001505	0.00436897823196191	-0.232906335210518	-0.00409166477561215	-0.0163421219339464
3.63201946867581	0.00871892748238548	0.0362088814909944	0.0337569551804613	-0.0179176843258358
1.95185384568818	0.00598589000227464	-0.0794101681654168	0.0313682505986273	-0.0151954495246086
-0.422530337165565	0.00411890043377965	0.103495241830868	0.00801541296492521	0.000305520887648206
-6.6286630075725	0.00189527170185719	-0.347082010341335	-0.0625187791928547	-0.00942778322039157
3.85726140548993	0.00977000404800609	-0.0069437703179003	0.0291883157159838	-0.0124003292875434
-7.24150608649024	-0.00908485198111484	-0.181478099158732	-0.0841848101840235	-0.00661971526081381
-2.62370598258045	0.00426996834857947	0.103521974537088	-0.0016666300851255	0.00273333952132719
1.83892867931969	0.0113236955449884	-0.0528014316204094	0.0449705891773065	-0.00617680426812092
4.47359178170968	0.0104490945660948	-0.103087036289146	0.0437303370773649	-0.0185963410762284
-6.38712833408894	0.00430036220655546	0.0774597494300156	0.000977019569358081	0.00199201672335885
-4.66235219457716	0.00423044190738822	0.100504576068276	0.00201544177847517	0.00286526770423069
-2.19111475069951	0.00408944984532728	0.0772438093607282	0.00855222706907752	0.00230749388979514
5.33529049480259	0.00920030442807301	-0.099194483706176	0.0399600589100096	-0.0275637880875601
-4.89189488944845	0.0042073303961108	0.100197747551083	0.0040936330168037	0.00414389986948683
-1.86717729505669	0.00598025811592949	-0.00566734454245637	0.01513047727095	-0.00173370978943501
-5.56807308224541	0.00439141296274774	0.0967011954657765	0.013240362776267	0.00399647501437767
2.22999426583159	0.0114979874235404	-0.196349172717005	0.0450876316845159	-0.0184685516764516
-12.2397056389664	-0.0266062370104376	-0.543734616312378	-0.100551117696912	-0.00213134247699315
-5.31135125012653	0.00607338382092437	0.0956783740348443	0.0102579946011033	0.00352503927660236
-0.892395966894818	0.00407494202756758	0.0623144434335036	0.0153569434887158	-0.00254316874794998
2.31070096329269	0.0108691792133276	-0.281751142663516	0.0450904907488499	-0.0202169778208192
-2.72167404053401	0.0114266248111831	-0.0678733633144549	0.0437877207183515	-0.000357764198732994
-4.72329530068157	0.00417016505669653	0.0720204835571622	0.0154406145368508	0.00413460825842612
-5.40202002001991	0.00566196747318419	0.0923026497562989	0.0141354573692201	0.0041442585002126
-7.82853192685016	0.00422112717222392	0.00489902599358904	-0.00919562388665118	-0.00876630138856311
0.831352793173652	0.00629118760775947	-0.0736473950677682	0.026185610814299	-0.0148587688829306
-7.72533728005195	0.00408658454318818	-0.0427536279416405	-0.0226955291137121	-0.00530364016566557
-9.06545418525642	0.000801706361558272	-0.424968632513372	-0.0943671782018731	-0.0188294598654919
5.46279840788366	0.0106906251413551	-0.263099379940787	0.0408031014407046	-0.038340689259407
-5.45637080620295	0.00426141464998304	0.00494856508769597	-0.00751602222137196	0.00359244933661094
-1.13521336135823	0.00507924932444016	-0.0912910079928576	0.0289605062566251	-0.0053633560467803
-0.178977748244093	0.00442003154396549	0.0821536489778375	0.01498142790111	-0.00115283631934294
0.969216565965116	0.0112325491997634	-0.0249058965778212	0.0426034804172647	-0.00929586292968669
-0.529969765409442	0.00407902413563005	0.0524954648078893	0.0186633919403797	-0.00327620385996507
-8.63695397914839	0.00411633230327797	-0.0374909176974946	-0.0136207073664829	-0.00547008817365218
0.479752266929375	0.00551660946839394	-0.117892096544399	0.0364980504983113	-0.00481296450421966
3.28005057101056	0.00528859209604897	-0.217327067869048	0.0413956299756747	-0.0210451890686044
-3.3278289879233	0.00573105659373656	-0.000456929017035998	0.0281184370957368	-0.000650857101661452
-3.25700138806744	0.00413961057047974	0.101392591068377	0.0148421310626164	0.00161583218141265
-4.60734899558721	0.00415742359836681	0.0520446243430743	-0.0068653214631009	0.00264012191228139
-1.50435432994123	0.00407552674559831	0.0807538982140217	0.023287283986922	0.00159322925723037
-2.05409292770086	0.00607124885105679	0.0529858383806957	0.0211101668525255	0.00163307004171935
3.28612838642277	-0.00759523626156738	-0.281587809951193	0.0258977958682564	-0.0228502808191286
1.92486248145681	0.01022703710221	-0.124268038299328	0.0335345977585639	-0.0111092290815909
-3.38521586434111	0.00415982894513186	0.0657135616193037	-0.00669456187531746	0.00383817738389466
-1.98603160417737	0.00432899689917163	0.103210596179364	0.014949213929691	0.00302456417635399
-5.746296083117	0.00421670326443578	0.0705689995111945	-0.00082420300826444	0.00293282687281875
-3.2709381584442	0.00817529148754969	-0.156860128769928	0.0432528057833694	-0.00801866568166226
2.20983209170742	0.0111882612003355	-0.266296218029503	0.0417081571906206	-0.0267841237351173
-8.95715829559339	-0.00300152492974624	-0.457245758889786	-0.122361197990415	-0.0150991777156137
0.386755971153128	0.00670673057954094	-0.224727760565578	0.0445257050266111	-0.0152273692275865
-3.65655002872786	0.0103158040528795	-0.0184115420333008	0.034023581131885	7.93725721936906e-05
-5.78523904763443	0.00411010162194792	0.0496405186231899	-0.0132466310481559	0.00119887734229205
3.88249325774461	0.0110019208733249	-0.144584437119129	0.0416717909796044	-0.028093662385496
2.29187060396049	0.0067289713249603	0.0249842684064707	0.0294986030025466	-0.00834972413865824
-6.65095611680586	0.00427866088103316	-0.257696072046627	-0.00406561905712106	-0.00381989522437026
3.10098926460276	0.00678431775229932	0.0283991247538956	0.0381173617054522	-0.00905933543936031
3.23678376728266	0.00944125836912522	-0.240319209526994	0.0432718446395767	-0.0183247868532949
-6.38892997243518	-0.016651552174643	-0.245958939305308	-0.099669527299843	-0.00565914946449334
0.509696586219502	0.00934315008362255	-0.1540054069271	0.0450895302709633	-0.00520761769451516
-8.21186404189261	0.00362738741259685	-0.361582656670016	-0.0367413693787906	-0.0186109688224566
-8.9930680296447	0.00425037725261865	-0.0267780040107972	-0.0349504693033612	-0.013254105214068
0.839019935318232	0.0112750962148539	-0.102584251333118	0.0355663181473463	-0.00904773752302543
1.46050789147721	0.00866491794488268	-0.049050507069337	0.0398908411431271	-0.0127916512282855
-11.9205380347319	5.40644954975954e-05	-0.065874019728118	-0.0174377877683611	-0.0155955687849013
0.804367952374636	0.010907807508332	-0.0109160233614318	0.0331459394992291	-0.00794779564480624
-5.58691387406327	-0.00147874174271869	0.0737083708055897	-0.0598777799959084	0.00359304064727486
-9.27747413612731	-0.00776540404576977	-0.404733811861872	-0.0831992542547077	-0.0188005214378138
0.509134784489219	0.00906323760145479	-0.0269384291693413	0.0320885155680019	-0.0117204619147632
2.24844726428523	0.0107075396932611	-0.175716774190964	0.04465954843818	-0.0167346409823578
4.43678582791068	0.0108588493447206	-0.181132691142678	0.0434131838142961	-0.0283077005082874
1.64573076907776	0.0110367393848214	-0.092482023459519	0.0374395489748445	-0.0143595737350199
-2.53585555377429	0.0043539633525969	0.00377522817070557	0.0300503484133911	0.00141104062038414
2.40458090108431	0.00768223389800715	0.0569288134031545	0.0348190561685765	-0.0051139338467588
2.61927480112741	0.00915031082816268	-0.152488367015288	0.0450011954043799	-0.0170809648445459
-9.53586001219901	0.000409210937260603	-0.193634253757635	-0.0527276152377511	-0.00960494926870398
7.16362849508616	0.00987244476743983	-0.552675539343184	0.0412501119321933	-0.0457280880079574
4.65710802796352	0.0101036118912696	-0.0906224560797739	0.0424706782422926	-0.0208994953752004
2.85461258585418	0.00917336183364198	-0.0692847039641299	0.0389264161909618	-0.0118079851342036
-5.42547065482802	0.00429007370434519	-0.00432999057596665	0.00162860021556086	-0.000516608844248822
-1.12273883907891	0.0105347751993303	-0.0706641951148371	0.0450964957883181	-0.00218525899012796
1.06701395824793	0.00636953282544273	-0.108159164450048	0.0426800372756246	-0.0090733536891286
-6.65960201582608	0.00437027708151833	-0.0554300317764607	-0.00984794712412225	-0.000442938718222447
-7.10769961154542	0.00241759903139392	-0.0406252158222398	-0.0390291851417181	-0.00340990913696401
1.46571455529959	0.00485875257368417	-0.137693720591452	0.0439397510211339	-0.012305950172608
0.236307390257802	0.010815537773257	-0.0241702276292666	0.0234792517238856	-0.00701872907152594
-3.46435671716149	0.00446731708814276	0.0657705419352113	0.0214824265270853	0.00223844394520151
3.76935888269658	0.00440068289429476	-0.176652860290626	0.0391039356873884	-0.022249112135761
3.31567370283716	0.0114775245696739	-0.171152364471104	0.0430568266506575	-0.0234052619921007
-5.37900163570423	0.00412178461091592	0.101220136510344	0.0015835430475057	0.00216308684429533
-5.1939914062861	0.00406849834392998	0.103483134868384	0.00782828792622695	0.00414420434500728
3.20077905611674	0.0114881805196694	-0.11105453404111	0.0450385594304724	-0.0138425943639255
-0.0726652737270324	0.00803380075067932	-0.0382491244488904	0.0301826826489969	-0.0074112665793481
-1.98025981704885	0.00408044706407063	0.0673280005984971	0.00466702705108544	0.00029169582899504
-1.89198114049042	0.00448062711542591	0.0736546894305149	0.0302319967469388	0.00158167484587647
1.03144245447982	0.00822452905738569	-0.049103526689434	0.0306483956247886	-0.00768253131143663
2.52891989103107	0.00411167429884888	-0.0532819934064201	0.022910785499035	-0.0173098584757148
2.18012718468542	0.00428386347490633	-0.124908562764131	0.0238015975560973	-0.0114408077572296
-3.48551548637187	0.010541457115474	-0.0377451135829264	0.0291709466636546	0.00265874109383282
-4.72656308268937	0.0056109213640911	0.0297812186161208	0.0236946237473593	0.00295949903403622
4.08886124731705	0.0114820191145348	-0.106849096708715	0.0449782689727521	-0.0237252887298286
2.76248865417571	0.00408658770723203	0.0927630468015078	0.00488544712988636	-0.00803650511470477
-3.23701292673513	0.00971116618039475	-0.0288330830839302	0.0346519130262043	-0.00348826778753789
2.04806928681661	0.00956254953443894	-0.12593873757837	0.0342053491749613	-0.0112562088376447
-0.93315239631751	0.00368778282334771	0.101298796976167	-0.00463297889908672	0.00104666059576797
-5.52026822268049	0.00438959959116021	-0.0585518166277073	0.00387944394575544	-0.00161818730529287
-2.24851817147072	0.00674908387760073	-0.11036306266737	0.0345354843626705	-0.00950696784267486
-5.88521940888547	0.00431055513672783	-0.00640955760775163	-0.00176327955955399	-0.00314000651908208
-3.22111981679088	0.00471885113870116	0.10140972025007	0.0143924820580203	0.00287696859162779
-3.15648970295435	0.00417945337431417	0.103519662463528	-5.60239773123043e-05	0.00207575770073032
-1.96089473943483	0.00437737524521398	0.102645703661407	0.00991590839951448	0.000524645637721053
1.06433677663032	0.00915407662867937	-0.0751708700932053	0.0406961400601936	-0.00340681737271372
-6.42190147580474	0.00311674832057391	0.0384198652873439	-0.0185773025126084	0.000134376558226318
1.73287697717636	0.0090138734594528	-0.023677935046196	0.0344876338671211	-0.00351697241539784
-0.0809483821322056	0.00947424415598375	-0.115677373050346	0.0449550871507164	-0.00815296593644529
-4.15116621971137	0.00173954463228859	0.0734529346442872	-0.0026441136430949	-0.00204054886293013
2.41953046726204	0.0111984720277825	-0.103057240391954	0.0448892191525585	-0.00979913983150377
0.783250742048558	0.00510290970953624	-0.145261488043015	0.0289363957580879	-0.0135839158452544
-13.8627910911589	-0.0679713724506094	-0.551808985138746	-0.240168822209699	-0.0127558954068456
-3.46598594885946	0.00411760318159539	0.0954892378074198	0.00568977523997533	0.00218445217351576
-0.365123502856839	0.00612668132057778	-0.012703178798003	0.0388403970359253	-0.000104701449229021
-5.4012342483285	0.00422454667294649	-0.0136572394954048	0.0224196558398294	0.00370424769465516
2.39791194528721	0.0112612554229768	-0.307129255118443	0.0446365449336326	-0.0248064532272945
-5.97691968467294	0.00215352165426163	-0.420185394453471	-0.0844429960902177	-0.0105070973989258
3.4381094495174	0.011470893077276	-0.158074233867416	0.0446517910707798	-0.0165417721275475
0.889142229373922	0.0114611797998209	-0.114906963260095	0.0398210494515529	-0.00936833647279229
-5.16701255868386	0.0051113287323908	0.0950184938687441	0.015649027702582	0.00202361397968172
-6.3885719650394	0.00350433252552786	-0.196045054915891	-0.0206074313242686	-0.00273951634318797
-5.43052898724315	0.00439271565073966	0.0974334146369645	0.00474620159408762	0.00349194720822798
0.891869301091421	0.00412590146922275	0.0797766943387053	0.0115561841481712	-0.00528470711951646
1.22215783749612	0.0069990379369879	-0.157546413330558	0.0449978425029736	-0.00545753135987617
-5.91817924474849	0.00410074469086508	0.100135276414598	0.0139817411855479	-0.00186048417693053
-7.87209721355933	0.00407573460667458	0.100149593196754	0.00907741358663068	-0.000594642996679468
2.22352754729832	0.0108222897827988	-0.0767094464215403	0.0443304390827568	-0.0113285582635968
-1.40946803451447	0.00409046484603372	-0.00143820994307248	0.0286242194711062	0.00137819931587072
-8.08475829767186	0.00150224049501089	-0.180105822243186	-0.0484420539782973	-0.0113533459333635
-6.3496610896169	0.00213450197082263	0.00351782484040148	-0.0180092135172653	0.00159464938416255
1.06728101047093	0.0109619356282856	-0.114440447023565	0.0442964481908467	-0.00768132638086528
-5.72171774997944	0.00439420622276883	0.0873325819667537	-0.00385350483497484	0.00269215353204289
-5.90998103119243	0.00233830909097493	-0.181829577297423	-0.0446477557434656	-0.00618358528194019
-4.18055750534152	0.00517964723959072	-0.119479655575069	0.0325369695877692	-0.00402847632801923
2.74456659880302	0.00712585110349032	-0.117597040917311	0.041607574683895	-0.0163137431505062
-5.78646695961006	0.00407816859675927	0.0998985338418186	0.0188656984515438	0.0031746885241172
0.935016936511316	0.00364095743933517	0.0922145162397302	0.00553408886235936	0.0011819580169525
2.08084748514818	0.0111091213664369	-0.0528668925177005	0.0406024454873966	-0.00902921840497977
-6.41097379708923	0.00413233884690892	0.0673858258005083	0.015645227831909	0.00413713715047755
-2.13644768961771	0.00416620658417709	0.0812350800928395	0.0182399595285748	0.00109273571328786
3.2190542598234	0.010120704256808	-0.0411921956107688	0.032604004678326	-0.0175436601206665
-15.0094179943292	-0.0083438706160895	-0.506727290040927	-0.148281183548761	0.0250936888748164
-9.73211544799772	-0.00482991946741542	0.0164935503282919	-0.0428418595596874	-0.0146501597485393
-7.56046176276636	0.00207757524715745	-0.0828746360476086	-0.043310445244175	-0.0130670793892167
-3.53150228685042	0.00675805089790208	0.0037648772281828	0.033927421062975	0.00171089323008465
-1.81398989753837	0.00407094339028562	-0.152716725010763	0.0264749772862972	-0.00658796124116941
-3.48687605770896	0.00567924241878088	0.00384042806972872	0.0309854838994849	0.00262404021163482
1.2762852376287	0.0114796027165897	-0.0662288310108786	0.04090443698034	-0.00819972492909494
2.84770541125701	0.011509476688285	-0.153090251780302	0.0392351853927147	-0.0187212568106906
3.30683575111284	0.00894227940934058	-0.317960232142479	0.0352293286123049	-0.0258763828103712
0.642776554904636	0.0040743483061959	0.0721060142287373	0.00513819886213621	0.00198937299947499
1.14483291507476	0.00994165874198513	-0.046041286564823	0.039640421267152	-0.0138330415441638
-5.56891092918981	0.00434996249063405	0.100130614876707	0.0140170788831052	0.00299447769498279
2.8644735243246	0.0114851693719257	-0.150663593158314	0.0436450818653066	-0.0153282636020068
-1.12620521786771	0.00784737179821188	0.0460096404691117	0.0226921216621098	0.00293854253553713
-6.6460827291927	0.00435272623720031	0.0275333946669257	-0.0336176032473098	-0.00232695794350234
0.66869387188899	0.0115118640662312	-0.133236736686116	0.0389979303179497	-0.00341640613902628
-0.0786320294752795	0.00480199692084217	0.0074999626124252	0.0379746797969072	-0.000696601833634021
-2.03958561706566	0.00476465031139187	0.015519115449386	0.0251864488815373	-0.00234240164843792
-2.44513151995622	0.00427625005654692	0.0996096212217274	0.0153411188016571	0.00319755044735591
-0.396461036891449	0.00407217840682849	0.0868661302403625	0.0189452729061223	0.00136700605830968
-1.01212259031102	0.00439065895988967	0.0415191961624152	0.015341911782416	-0.00325342431230116
-6.88926421221408	0.000872211276076131	-0.102423595697586	-0.0455099129119712	-0.0097821469321429
2.23874876542291	0.00414441563813276	0.0148269589775388	0.017931514545276	-0.0121946791984793
9.20230538257456	-0.0145715732282775	-0.415693061874698	0.00998000141459233	-0.0587640452481111
2.24231277364417	0.00491506668244432	-0.182994330607347	0.0401300432675632	-0.00812508724817222
5.055950245599	0.0105003073097645	-0.0814356463813574	0.0369610043045072	-0.0187011622154204
-6.7761281202958	0.00379149849223669	-0.278827300804469	-0.0119711957166808	-0.0107418559438467
-13.0872258433668	-0.00244713393699789	-0.336999084303664	-0.08735264689808	-0.0180852847888856
1.23417873722123	0.00569501099093763	-0.026244560606681	0.0295455702914352	-0.0106644657375487
3.57513382953171	0.00859116296890535	0.0277153890121461	0.0305892412422122	-0.00883028389395992
-0.836676782883858	0.00415235522409336	0.0872627410460056	-0.002579213997247	0.00327947565577432
4.52843534376499	0.0112950468645349	-0.104949175471301	0.0447989364682533	-0.023708245033184
-5.36654087520992	0.00434485221136253	0.099407617718671	0.00893531410964479	0.00297548484619412
-3.69166816302714	0.00476164199263186	0.0693892368811939	0.000325168481187507	0.00411446071278648
-4.75755807435905	0.00414760569161679	0.0657181105717512	0.0215704316847851	0.00337334725024022
-6.20213652273469	0.00405118270908216	0.0105204945741937	-0.00158019749366617	0.00253030268369356
-10.2980386521497	-0.0186690122924706	-0.464245459080276	-0.130194635531362	-0.0189908291935698
2.41133730087116	0.00406706381556323	0.0148892219923732	0.0165322456650327	-0.0143158855245286
-3.95303051272837	0.00431591329297952	-0.112835993093353	-0.015591931823923	0.00397215209709772
-3.47482179808219	0.00425726738410294	0.103356240164611	-0.0029489591515915	0.00412128283528976
-5.82248705503506	-0.00170433804052941	-0.0297093693336849	-0.0834818695329449	0.00119106891021327
-2.75121849682826	0.00413968929378768	0.0960281178136024	0.00819315532918152	0.000185650540163843
3.28494256271258	0.00571234933170885	-0.036688560960644	0.0306036139375715	-0.0144679609621108
1.04175641275469	0.010902430833715	-0.0500764389923055	0.0450563668493063	-0.00810539792777706
-7.26701342705441	-0.00353046597368645	-0.146681089187997	-0.0668471679820795	-0.0113458345061657
-8.87984807047495	0.00438053606479124	-0.0118295064583545	-0.0160118057741072	-0.0158472475068802
6.81976577790529	0.00669262850425183	-0.223458094955489	0.0417681021252747	-0.0375261189491406
-2.8880538159342	0.00426554387537049	0.0678980151890937	0.0135618596237773	-0.00107811640175201
-12.5039036373037	-0.000649680859169666	-0.426532404908074	-0.0558501443470413	-0.0172047108701996
-0.458375325147837	0.00420353118387461	0.0115236201689169	0.0206799409263944	-0.00511214066682808
3.10292477247448	0.0111344910982836	-0.271714178069138	0.0450949964750575	-0.0245701485794618
-7.0898096433902	0.00423527071125703	-0.134943667759857	-0.00711789931548727	-0.0114220121925627
3.1538972146243	0.0105835910721435	-0.188069510827825	0.0405679260967298	-0.0214585257383746
3.99869078156707	0.00408443190188781	-0.000837295387346722	0.0238897794057413	-0.012615004614694
1.37173334039045	0.0113854161588395	-0.222174862707403	0.0437984479859411	-0.0157592342201061
0.53564052985974	0.00555793990724389	0.0582228914624383	0.0307070199980947	-0.00419247931677466
5.68421258156231	0.0114455591518104	-0.272675117228377	0.0430452628454899	-0.035726530049479
-4.61693241952085	0.00428408481535423	0.0862272494070982	0.0100256293307076	0.00319876638787724
-2.57331272610597	0.00411512233267704	0.0838801162022776	0.0189412967741554	0.00220477431738363
